0.000000000000000000e+00
1.218797388164085005e+00
2.963603978985150378e-01
2.647447960996958116e+00
3.126223695867829999e+00
6.031547668982581989e-01
1.200080455923836498e+00
1.314580976699477599e+00
4.337844292953774716e-01
3.885321980430465061e+00
3.419926756221332464e+00
1.491804279214151485e+00
1.519432498128104658e+00
1.629478106793736059e+00
9.690351260161221836e-01
3.611693225619113878e+00
3.708860907439181176e+00
1.742933244183678232e+00
1.160193481837354712e+00
1.469027959331735467e+00
9.462477554249654199e-01
3.476883196948302945e+00
3.494188510779968837e+00
1.748202022873580175e+00
3.275992135003100270e+00
1.742337536408720133e+00
5.140094793438052534e-01
6.322177003567329479e+00
4.191811575715777671e+00
1.056279335699905619e+00
2.890787936100667643e+00
1.671094303225941324e+00
5.478920735770735906e-01
6.028214129591291659e+00
3.982939968602149605e+00
1.101712715097701079e+00
4.158119457279436659e+00
1.479006900399717495e+00
7.751709021444636027e-01
7.559035618808744417e+00
3.717652325423574045e+00
1.740406793181673129e+00
3.964813508175375034e+00
1.556880189650803104e+00
8.067931126461621583e-01
7.651192042948486538e+00
3.658147916323925219e+00
1.784042096973713631e+00
8.378012122750357893e-01
1.245191322409540780e+00
7.912335357635552624e-01
3.330012312477727665e+00
3.154341730911534025e+00
1.522939701468852380e+00
7.406416180604973309e-01
1.347296851910877669e+00
8.499120470682764994e-01
3.050662648771313545e+00
3.620355727421200598e+00
1.566407335836502490e+00
1.974974683651193219e+00
1.777787455888585777e+00
8.974021318694450633e-01
5.195720779043427662e+00
4.581875172207364066e+00
1.897545978371914410e+00
1.164049887260841576e+00
1.836215335314716368e+00
9.879632217219974644e-01
3.613863113838900354e+00
4.651935865932498970e+00
1.941714563592748188e+00
