0.000000000000000000e+00
-5.270425319671630859e+00
-1.890330910682678223e+00
-6.300152778625488281e+00
-1.109641838073730469e+01
-2.503442287445068359e+00
-4.001968383789062500e+00
-9.197134017944335938e+00
-2.084583997726440430e+00
-1.215365314483642578e+01
-1.294330024719238281e+01
-7.094264030456542969e+00
-4.337226867675781250e+00
-3.188798904418945312e+00
-3.485422372817993164e+00
-5.668245792388916016e+00
-1.286235332489013672e+01
-4.789767265319824219e+00
-3.233016967773437500e+00
-4.448915004730224609e+00
-3.681644439697265625e+00
-6.844188690185546875e+00
-1.317692089080810547e+01
-4.891235351562500000e+00
-7.944656372070312500e+00
-3.057098627090454102e+00
-1.407788991928100586e+00
-1.177480411529541016e+01
-1.708043479919433594e+01
-5.067066192626953125e+00
-6.898498535156250000e+00
-4.885630607604980469e+00
-2.154061555862426758e+00
-1.171698760986328125e+01
-1.978966712951660156e+01
-4.960916519165039062e+00
-1.055308532714843750e+01
-2.657771825790405273e+00
-1.948578238487243652e+00
-1.617840766906738281e+01
-2.018476486206054688e+01
-9.706446647644042969e+00
-9.590965270996093750e+00
-6.216710090637207031e+00
-2.650344371795654297e+00
-2.021718597412109375e+01
-2.574354171752929688e+01
-1.058586025238037109e+01
-2.877613067626953125e+00
-6.348782062530517578e+00
-2.712636947631835938e+00
-9.635300636291503906e+00
-1.233037471771240234e+01
-4.332213401794433594e+00
-1.952140808105468750e+00
-6.324194431304931641e+00
-3.057790517807006836e+00
-8.358777999877929688e+00
-1.066608715057373047e+01
-4.681921958923339844e+00
-4.080017089843750000e+00
-7.370420932769775391e+00
-4.592076301574707031e+00
-1.187858676910400391e+01
-1.621378517150878906e+01
-5.378752231597900391e+00
-2.551177978515625000e+00
-6.823337078094482422e+00
-2.548944950103759766e+00
-9.225454330444335938e+00
-1.476883316040039062e+01
-6.835338592529296875e+00
