5.994787216186523438e+00
2.271240711212158203e+00
3.994140625000000000e+00
7.092053890228271484e+00
2.117877721786499023e+00
4.359008789062500000e+00
6.515442371368408203e+00
3.058525562286376953e+00
3.670806884765625000e+00
6.917493820190429688e+00
1.808128118515014648e+00
8.176818847656250000e+00
7.824142456054687500e+00
3.958027124404907227e+00
7.372711181640625000e+00
7.818463325500488281e+00
3.408044338226318359e+00
1.045489501953125000e+01
8.221345901489257812e+00
4.457121849060058594e+00
1.020312786102294922e+01
8.281911849975585938e+00
3.640475749969482422e+00
1.231506347656250000e+00
7.288836002349853516e+00
2.459336996078491211e+00
2.245964050292968750e+00
6.770852565765380859e+00
2.917598724365234375e+00
2.994689941406250000e+00
7.572122097015380859e+00
1.080289125442504883e+00
3.751953125000000000e+00
7.905742168426513672e+00
4.058480262756347656e+00
