-5.279303073883056641e+00
-2.361628532409667969e+00
-3.944007873535156250e+00
-8.813233375549316406e+00
-1.977098464965820312e+00
-4.369628906250000000e+00
-4.045875549316406250e+00
-4.070444107055664062e+00
-3.671539306640625000e+00
-4.888576030731201172e+00
-3.815614223480224609e+00
-8.142486572265625000e+00
-4.165978431701660156e+00
-2.411227703094482422e+00
-7.525054931640625000e+00
-5.592671871185302734e+00
-2.332136154174804688e+00
-1.066879272460937500e+01
-6.584475517272949219e+00
-2.981084585189819336e+00
-1.022842407226562500e+01
-7.615917205810546875e+00
-2.674300432205200195e+00
-2.898345947265625000e+00
-6.187895298004150391e+00
-2.759207248687744141e+00
-2.226257324218750000e+00
-6.112010955810546875e+00
-3.646144151687622070e+00
-3.822731018066406250e+00
-7.682336807250976562e+00
-4.360361099243164062e+00
-3.291229248046875000e+00
-6.712115287780761719e+00
-3.084679603576660156e+00
