0.000000000000000000e+00
4.664307117462158203e+00
1.212585210800170898e+00
1.703058242797851562e+01
1.287179374694824219e+01
2.986106157302856445e+00
3.762691497802734375e+00
5.561545372009277344e+00
1.737111806869506836e+00
2.591385650634765625e+01
1.429741096496582031e+01
8.537075996398925781e+00
4.198226928710937500e+00
7.330106735229492188e+00
1.908649921417236328e+00
2.227754592895507812e+01
1.300048446655273438e+01
4.222886562347412109e+00
3.686454772949218750e+00
7.305180549621582031e+00
1.620652437210083008e+00
1.896411132812500000e+01
1.192566871643066406e+01
4.813237190246582031e+00
7.562118530273437500e+00
7.924858093261718750e+00
2.687941789627075195e+00
3.014017677307128906e+01
2.009359550476074219e+01
4.648496150970458984e+00
7.494857788085937500e+00
8.069721221923828125e+00
2.883586406707763672e+00
2.613871192932128906e+01
2.113165664672851562e+01
4.444635391235351562e+00
1.011326599121093750e+01
8.927870750427246094e+00
3.162712097167968750e+00
3.325143814086914062e+01
2.059009742736816406e+01
1.496215248107910156e+01
1.018740844726562500e+01
9.328782081604003906e+00
3.281800985336303711e+00
3.322962951660156250e+01
2.416561508178710938e+01
1.449731349945068359e+01
8.478546142578125000e-01
7.112644672393798828e+00
2.108066082000732422e+00
1.955625343322753906e+01
1.379581546783447266e+01
4.442957401275634766e+00
2.235382080078125000e+00
3.984104633331298828e+00
1.825717329978942871e+00
1.880554008483886719e+01
1.420090389251708984e+01
4.569053649902343750e+00
2.714763641357421875e+00
8.153643608093261719e+00
8.150794506072998047e-01
2.169152641296386719e+01
1.590796756744384766e+01
8.258403778076171875e+00
3.795341491699218750e+00
4.163374900817871094e+00
2.977485895156860352e+00
2.120870208740234375e+01
1.562790298461914062e+01
8.739614486694335938e+00
