0.000000000000000000e+00
9.934732437133789062e+00
3.102916121482849121e+00
2.333073520660400391e+01
2.396821212768554688e+01
5.489548444747924805e+00
7.764659881591796875e+00
1.475867938995361328e+01
3.821695804595947266e+00
3.806750965118408203e+01
2.724071121215820312e+01
1.563134002685546875e+01
8.535453796386718750e+00
1.051890563964843750e+01
5.394072294235229492e+00
2.794579172134399414e+01
2.586283779144287109e+01
9.012653827667236328e+00
6.919471740722656250e+00
1.175409555435180664e+01
5.302296876907348633e+00
2.580830001831054688e+01
2.510258960723876953e+01
9.704472541809082031e+00
1.550677490234375000e+01
1.098195672035217285e+01
4.095730781555175781e+00
4.191498088836669922e+01
3.717403030395507812e+01
9.715562343597412109e+00
1.439335632324218750e+01
1.295535182952880859e+01
5.037647962570190430e+00
3.785569953918457031e+01
4.092132377624511719e+01
9.405551910400390625e+00
2.066635131835937500e+01
1.158564257621765137e+01
5.111290335655212402e+00
4.942984580993652344e+01
4.077486228942871094e+01
2.466859912872314453e+01
1.977837371826171875e+01
1.554549217224121094e+01
5.932145357131958008e+00
5.344681549072265625e+01
4.990915679931640625e+01
2.508317375183105469e+01
3.725467681884765625e+00
1.346142673492431641e+01
4.820703029632568359e+00
2.919155406951904297e+01
2.612619018554687500e+01
8.775170803070068359e+00
4.187522888183593750e+00
1.030829906463623047e+01
4.883507847785949707e+00
2.716431808471679688e+01
2.486699104309082031e+01
9.250975608825683594e+00
6.794780731201171875e+00
1.552406454086303711e+01
5.407155752182006836e+00
3.357011318206787109e+01
3.212175273895263672e+01
1.363715600967407227e+01
6.346519470214843750e+00
1.098671197891235352e+01
5.526430845260620117e+00
3.043415641784667969e+01
3.039673614501953125e+01
1.557495307922363281e+01
