0.000000000000000000e+00
-1.941740635804982962e-01
2.606799795205603024e-02
8.473469316420718656e+00
1.706659701020829811e-01
5.630482369736061060e-02
1.775455384133174941e-01
-3.977643843510528132e+00
1.239309971558172768e-01
8.569160189118379733e+00
1.408006316019877469e-01
-7.426582669067675890e-02
2.507989092317085000e-01
2.910520234811600826e+00
-5.341379602107438895e-01
8.352532562387249726e+00
8.477599730174699422e-02
-3.038333169503379047e-02
7.243128707944734845e-01
2.681703399812010336e+00
-5.499380771782813593e-01
8.290860047368447283e+00
2.048532971052296758e-01
4.642225665218911029e-02
-8.206019939293979215e-01
4.785425359963179304e+00
1.043407734868773140e+00
8.342780097609555412e+00
7.308789386290157064e-02
-1.493188333428667816e-02
-5.511669934067144755e-02
4.780904606435647963e+00
8.121794659628762680e-01
8.185595241835454061e+00
2.703647898055357990e-01
-1.245854904400513566e-02
-2.273903987463898435e+00
6.556066038712291544e+00
9.921105101808821436e-01
8.341179225950462239e+00
-3.040756598869725005e-02
-2.171966888414142427e-02
-1.197729659951889403e+00
6.786510513228927621e+00
9.484774558144474232e-01
8.114419124688701856e+00
1.156700815945011993e-02
-6.759522315127894712e-03
-1.226703504536309053e+00
-1.239409104617360535e+00
2.059163757113540716e-01
8.525681859467615809e+00
1.117379174013390514e-01
9.344970383065498432e-02
5.766686018208968534e-01
-1.352009715868899731e+00
-2.032369228287764229e-01
8.578580491920231310e+00
1.549529205432653156e-01
1.804044149166753042e-02
-3.865947573503195067e-01
2.363079186909813612e-01
-1.202462215866994866e+00
8.428630298274125465e+00
1.082607245186208017e-01
5.329424242181612578e-03
1.312199503804638345e+00
-7.404225173287025674e-01
8.015747163009615539e-01
8.485840159795548843e+00
1.120097252690692990e-01
-4.133078354505013985e-02
