0.04 1.7019261 1.7019261 1.7019261 
0.08 1.7204969 1.7204969 1.7204969 
0.12 1.7553643 1.7553643 1.7553643 
0.16 1.8034862 1.8034862 1.8034862 
0.19999999 1.8642765 1.8642765 1.8642765 
0.24 1.9324012 1.9324012 1.9324012 
0.28 1.9904646 1.9904646 1.9904646 
0.32 2.0505955 2.0505955 2.0505955 
0.35999998 2.1302898 2.1302898 2.1302898 
0.39999998 2.226028 2.226028 2.226028 
0.44 2.3193243 2.3193243 2.3193243 
0.48 2.4050884 2.4050884 2.4050884 
0.52 2.482143 2.482143 2.482143 
0.56 2.5495439 2.5495439 2.5495439 
0.59999996 2.582638 2.582638 2.582638 
0.64 2.6022632 2.6022632 2.6022632 
0.68 2.5783217 2.5783217 2.5783217 
0.71999997 2.548251 2.548251 2.548251 
0.76 2.4936147 2.4936147 2.4936147 
0.79999995 2.418463 2.418463 2.418463 
0.84 2.326289 2.326289 2.326289 
0.88 2.2224236 2.2224236 2.2224236 
0.91999996 2.1170647 2.1170647 2.1170647 
0.96 2.0203118 2.0203118 2.0203118 
1.0 1.9386952 1.9386952 1.9386952 
1.04 1.8732235 1.8732235 1.8732235 
1.0799999 1.823753 1.823753 1.823753 
1.12 1.7902817 1.7902817 1.7902817 
1.16 1.7484396 1.7484396 1.7484396 
1.1999999 1.7146693 1.7146693 1.7146693 
1.24 1.6942244 1.6942244 1.6942244 
1.28 1.6465995 1.6465995 1.6465995 
1.3199999 1.6149749 1.6149749 1.6149749 
1.36 1.5993501 1.5993501 1.5993501 
1.4 1.5997255 1.5997255 1.5997255 
1.4399999 1.6161005 1.6161005 1.6161005 
1.48 1.6484758 1.6484758 1.6484758 
1.52 1.6968513 1.6968513 1.6968513 
1.56 1.7612263 1.7612263 1.7612263 
1.5999999 1.8416017 1.8416017 1.8416017 
1.64 1.9379772 1.9379772 1.9379772 
1.68 2.0503519 2.0503519 2.0503519 
1.7199999 2.1787274 2.1787274 2.1787274 
1.76 2.3231025 2.3231025 2.3231025 
1.8 2.4834774 2.4834774 2.4834774 
1.8399999 2.659853 2.659853 2.659853 
1.88 2.852228 2.852228 2.852228 
1.92 3.0495574 3.0495574 3.0495574 
1.9599999 3.2648082 3.2648082 3.2648082 
2.0 3.4880445 3.4880445 3.4880445 
2.04 3.7020745 3.7020745 3.7020745 
2.08 3.9148176 3.9148176 3.9148176 
2.12 4.095493 4.095493 4.095493 
2.1599998 4.265722 4.265722 4.265722 
2.2 4.411667 4.411667 4.411667 
2.24 4.532397 4.532397 4.532397 
2.28 4.621948 4.621948 4.621948 
2.32 4.6888576 4.6888576 4.6888576 
2.36 4.7085886 4.7085886 4.7085886 
2.3999999 4.7052374 4.7052374 4.7052374 
2.44 4.6575537 4.6575537 4.6575537 
2.48 4.586894 4.586894 4.586894 
2.52 4.49546 4.49546 4.49546 
2.56 4.382371 4.382371 4.382371 
2.6 4.244165 4.244165 4.244165 
2.6399999 4.0437 4.0437 4.0437 
2.6799998 3.8677015 3.8677015 3.8677015 
2.72 3.703419 3.703419 3.703419 
2.76 3.525001 3.525001 3.525001 
2.8 3.3407586 3.3407586 3.3407586 
2.84 3.1540334 3.1540334 3.1540334 
2.8799999 2.965558 2.965558 2.965558 
2.9199998 2.7756982 2.7756982 2.7756982 
2.96 2.5847645 2.5847645 2.5847645 
3.0 2.3929055 2.3929055 2.3929055 
3.04 2.2003057 2.2003057 2.2003057 
3.08 2.0082152 2.0082152 2.0082152 
3.12 1.8205595 1.8205595 1.8205595 
3.1599998 1.6404775 1.6404775 1.6404775 
3.1999998 1.4713752 1.4713752 1.4713752 
3.24 1.3166146 1.3166146 1.3166146 
3.28 1.1779438 1.1779438 1.1779438 
3.32 1.0543635 1.0543635 1.0543635 
3.36 0.94565713 0.94565713 0.94565713 
3.3999999 0.848913 0.848913 0.848913 
3.4399998 0.76014376 0.76014376 0.76014376 
3.48 0.67796135 0.67796135 0.67796135 
3.52 0.6023642 0.6023642 0.6023642 
3.56 0.542767 0.542767 0.542767 
3.6 0.47550383 0.47550383 0.47550383 
3.6399999 0.41455728 0.41455728 0.41455728 
3.6799998 0.35969108 0.35969108 0.35969108 
3.72 0.32082492 0.32082492 0.32082492 
3.76 0.29795864 0.29795864 0.29795864 
3.8 0.2910922 0.2910922 0.2910922 
3.84 0.3002261 0.3002261 0.3002261 
3.8799999 0.32535973 0.32535973 0.32535973 
3.9199998 0.36649337 0.36649337 0.36649337 
3.9599998 0.42362717 0.42362717 0.42362717 
4.0 0.4872547 0.4872547 0.4872547 
4.04 0.5592065 0.5592065 0.5592065 
4.08 0.6364553 0.6364553 0.6364553 
4.12 0.71895975 0.71895975 0.71895975 
4.16 0.8057449 0.8057449 0.8057449 
4.2 0.8958919 0.8958919 0.8958919 
4.24 0.9887357 0.9887357 0.9887357 
4.2799997 1.084083 1.084083 1.084083 
4.3199997 1.182267 1.182267 1.182267 
4.36 1.2836993 1.2836993 1.2836993 
4.4 1.3897092 1.3897092 1.3897092 
4.44 1.5078772 1.5078772 1.5078772 
4.48 1.6334352 1.6334352 1.6334352 
4.52 1.7702628 1.7702628 1.7702628 
4.56 1.9197514 1.9197514 1.9197514 
4.6 2.0821629 2.0821629 2.0821629 
4.64 2.2575362 2.2575362 2.2575362 
4.68 2.445787 2.445787 2.445787 
4.72 2.6486104 2.6486104 2.6486104 
4.7599998 2.8650775 2.8650775 2.8650775 
4.7999997 2.9831982 2.9831982 2.9831982 
4.8399997 3.128466 3.128466 3.128466 
4.88 3.2897334 3.2897334 3.2897334 
4.92 3.341643 3.341643 3.341643 
4.96 3.3956647 3.3956647 3.3956647 
5.0 3.3924043 3.3924043 3.3924043 
5.04 3.3396184 3.3396184 3.3396184 
5.08 3.2507439 3.2507439 3.2507439 
5.12 3.135213 3.135213 3.135213 
5.16 3.0027525 3.0027525 3.0027525 
5.2 2.856566 2.856566 2.856566 
5.24 2.6946633 2.6946633 2.6946633 
5.2799997 2.5167897 2.5167897 2.5167897 
5.3199997 2.3255224 2.3255224 2.3255224 
5.3599997 2.125234 2.125234 2.125234 
5.4 1.9384899 1.9384899 1.9384899 
5.44 1.7677459 1.7677459 1.7677459 
5.48 1.6130018 1.6130018 1.6130018 
5.52 1.4742577 1.4742577 1.4742577 
5.56 1.3515136 1.3515136 1.3515136 
5.6 1.2447699 1.2447699 1.2447699 
5.64 1.1540258 1.1540258 1.1540258 
5.68 1.0792817 1.0792817 1.0792817 
5.72 1.0205377 1.0205377 1.0205377 
5.7599998 0.97779393 0.97779393 0.97779393 
5.7999997 0.95105004 0.95105004 0.95105004 
5.8399997 0.9403062 0.9403062 0.9403062 
5.8799996 0.94556195 0.94556195 0.94556195 
5.92 0.9668179 0.9668179 0.9668179 
5.96 1.0040741 1.0040741 1.0040741 
6.0 1.0573301 1.0573301 1.0573301 
6.04 1.1265862 1.1265862 1.1265862 
6.08 1.2118421 1.2118421 1.2118421 
6.12 1.3130982 1.3130982 1.3130982 
6.16 1.4303542 1.4303542 1.4303542 
6.2 1.5636102 1.5636102 1.5636102 
6.24 1.7128661 1.7128661 1.7128661 
6.2799997 1.8673383 1.8673383 1.8673383 
6.3199997 2.0326111 2.0326111 2.0326111 
6.3599997 2.1949842 2.1949842 2.1949842 
6.3999996 2.2835128 2.2835128 2.2835128 
6.44 2.323721 2.323721 2.323721 
6.48 2.3166392 2.3166392 2.3166392 
6.52 2.2658882 2.2658882 2.2658882 
6.56 2.1765172 2.1765172 2.1765172 
6.6 2.0559177 2.0559177 2.0559177 
6.64 1.9358283 1.9358283 1.9358283 
6.68 1.8183113 1.8183113 1.8183113 
6.72 1.6934941 1.6934941 1.6934941 
6.7599998 1.570146 1.570146 1.570146 
6.7999997 1.45768 1.45768 1.45768 
6.8399997 1.3635385 1.3635385 1.3635385 
6.8799996 1.2866112 1.2866112 1.2866112 
6.92 1.2256842 1.2256842 1.2256842 
6.96 1.1807569 1.1807569 1.1807569 
7.0 1.1518297 1.1518297 1.1518297 
7.04 1.1389023 1.1389023 1.1389023 
7.08 1.1419752 1.1419752 1.1419752 
7.12 1.1610479 1.1610479 1.1610479 
7.16 1.1841686 1.1841686 1.1841686 
7.2 1.2232968 1.2232968 1.2232968 
7.24 1.2784247 1.2784247 1.2784247 
7.2799997 1.3454039 1.3454039 1.3454039 
7.3199997 1.4257662 1.4257662 1.4257662 
7.3599997 1.5178208 1.5178208 1.5178208 
7.3999996 1.6258962 1.6258962 1.6258962 
7.44 1.7499713 1.7499713 1.7499713 
7.48 1.8900466 1.8900466 1.8900466 
7.52 2.0461218 2.0461218 2.0461218 
7.56 2.218197 2.218197 2.218197 
7.6 2.4009678 2.4009678 2.4009678 
7.64 2.500494 2.500494 2.500494 
7.68 2.5441897 2.5441897 2.5441897 
7.72 2.5537572 2.5537572 2.5537572 
7.7599998 2.5295668 2.5295668 2.5295668 
7.7999997 2.4899106 2.4899106 2.4899106 
7.8399997 2.4010327 2.4010327 2.4010327 
7.8799996 2.2743695 2.2743695 2.2743695 
7.9199996 2.1200228 2.1200228 2.1200228 
7.96 1.9486765 1.9486765 1.9486765 
8.0 1.7463311 1.7463311 1.7463311 
8.04 1.5278679 1.5278679 1.5278679 
8.08 1.3050174 1.3050174 1.3050174 
8.12 1.0994823 1.0994823 1.0994823 
8.16 0.9103615 0.9103615 0.9103615 
8.2 0.73724085 0.73724085 0.73724085 
8.24 0.58012027 0.58012027 0.58012027 
8.28 0.43899938 0.43899938 0.43899938 
8.32 0.31387857 0.31387857 0.31387857 
8.36 0.2047576 0.2047576 0.2047576 
8.4 0.11163688 0.11163688 0.11163688 
8.44 0.034516122 0.034516122 0.034516122 
8.48 -0.026604693 -0.026604693 -0.026604693 
8.5199995 -0.07172551 -0.07172551 -0.07172551 
8.559999 -0.10084635 -0.10084635 -0.10084635 
8.599999 -0.11396702 -0.11396702 -0.11396702 
8.639999 -0.11108789 -0.11108789 -0.11108789 
8.679999 -0.09220861 -0.09220861 -0.09220861 
8.72 -0.057329483 -0.057329483 -0.057329483 
8.76 -0.0064505907 -0.0064505907 -0.0064505907 
8.8 0.06042878 0.06042878 0.06042878 
8.84 0.14330795 0.14330795 0.14330795 
8.88 0.2421871 0.2421871 0.2421871 
8.92 0.3570662 0.3570662 0.3570662 
8.96 0.48794565 0.48794565 0.48794565 
9.0 0.63482493 0.63482493 0.63482493 
9.04 0.79770416 0.79770416 0.79770416 
9.08 0.97658336 0.97658336 0.97658336 
9.12 1.1714627 1.1714627 1.1714627 
9.16 1.3823416 1.3823416 1.3823416 
9.2 1.6092207 1.6092207 1.6092207 
9.24 1.8284858 1.8284858 1.8284858 
9.28 1.9813069 1.9813069 1.9813069 
9.32 2.0757117 2.0757117 2.0757117 
9.36 2.1090577 2.1090577 2.1090577 
9.4 2.0921545 2.0921545 2.0921545 
9.44 2.0337875 2.0337875 2.0337875 
9.48 1.9685543 1.9685543 1.9685543 
9.5199995 1.8735695 1.8735695 1.8735695 
9.559999 1.7667254 1.7667254 1.7667254 
9.599999 1.6573669 1.6573669 1.6573669 
9.639999 1.5417516 1.5417516 1.5417516 
9.679999 1.4305259 1.4305259 1.4305259 
9.719999 1.3300713 1.3300713 1.3300713 
9.76 1.2456167 1.2456167 1.2456167 
9.8 1.177162 1.177162 1.177162 
9.84 1.1049571 1.1049571 1.1049571 
9.88 1.0455517 1.0455517 1.0455517 
9.92 1.002146 1.002146 1.002146 
9.96 0.9747404 0.9747404 0.9747404 
10.0 0.96333486 0.96333486 0.96333486 
10.04 0.9679294 0.9679294 0.9679294 
10.08 0.9885238 0.9885238 0.9885238 
10.12 1.0194504 1.0194504 1.0194504 
10.16 1.0663772 1.0663772 1.0663772 
10.2 1.1293038 1.1293038 1.1293038 
10.24 1.2082307 1.2082307 1.2082307 
10.28 1.3031573 1.3031573 1.3031573 
10.32 1.4140837 1.4140837 1.4140837 
10.36 1.5410104 1.5410104 1.5410104 
10.4 1.683937 1.683937 1.683937 
10.44 1.8428637 1.8428637 1.8428637 
10.48 2.0177906 2.0177906 2.0177906 
10.5199995 2.1698174 2.1698174 2.1698174 
10.559999 2.3075552 2.3075552 2.3075552 
10.599999 2.380248 2.380248 2.380248 
10.639999 2.4157414 2.4157414 2.4157414 
10.679999 2.4135735 2.4135735 2.4135735 
10.719999 2.3758173 2.3758173 2.3758173 
10.76 2.290648 2.290648 2.290648 
10.8 2.1739452 2.1739452 2.1739452 
10.84 2.002833 2.002833 2.002833 
10.88 1.7903656 1.7903656 1.7903656 
10.92 1.5517343 1.5517343 1.5517343 
10.96 1.3064933 1.3064933 1.3064933 
11.0 1.0798359 1.0798359 1.0798359 
11.04 0.8691788 0.8691788 0.8691788 
11.08 0.6745212 0.6745212 0.6745212 
11.12 0.49586394 0.49586394 0.49586394 
11.16 0.3332065 0.3332065 0.3332065 
11.2 0.186549 0.186549 0.186549 
11.24 0.05589159 0.05589159 0.05589159 
11.28 -0.05876589 -0.05876589 -0.05876589 
11.32 -0.15742326 -0.15742326 -0.15742326 
11.36 -0.24008065 -0.24008065 -0.24008065 
11.4 -0.30673826 -0.30673826 -0.30673826 
11.44 -0.35739577 -0.35739577 -0.35739577 
11.48 -0.39205313 -0.39205313 -0.39205313 
11.5199995 -0.41071057 -0.41071057 -0.41071057 
11.559999 -0.41336805 -0.41336805 -0.41336805 
11.599999 -0.40002552 -0.40002552 -0.40002552 
11.639999 -0.37068313 -0.37068313 -0.37068313 
11.679999 -0.3253406 -0.3253406 -0.3253406 
11.719999 -0.26399818 -0.26399818 -0.26399818 
11.759999 -0.1866558 -0.1866558 -0.1866558 
11.8 -0.093313344 -0.093313344 -0.093313344 
11.84 0.016029041 0.016029041 0.016029041 
11.88 0.14137143 0.14137143 0.14137143 
11.92 0.2827138 0.2827138 0.2827138 
11.96 0.44005653 0.44005653 0.44005653 
12.0 0.613399 0.613399 0.613399 
12.04 0.8027414 0.8027414 0.8027414 
12.08 1.008084 1.008084 1.008084 
12.12 1.2294266 1.2294266 1.2294266 
12.16 1.466769 1.466769 1.466769 
12.2 1.6586541 1.6586541 1.6586541 
12.24 1.7974553 1.7974553 1.7974553 
12.28 1.8667537 1.8667537 1.8667537 
12.32 1.872954 1.872954 1.872954 
12.36 1.827635 1.827635 1.827635 
12.4 1.7457622 1.7457622 1.7457622 
12.44 1.6368567 1.6368567 1.6368567 
12.48 1.5098331 1.5098331 1.5098331 
12.5199995 1.3721943 1.3721943 1.3721943 
12.559999 1.234111 1.234111 1.234111 
12.599999 1.1120276 1.1120276 1.1120276 
12.639999 1.0059443 1.0059443 1.0059443 
12.679999 0.915861 0.915861 0.915861 
12.719999 0.84177786 0.84177786 0.84177786 
12.759999 0.76140785 0.76140785 0.76140785 
12.799999 0.69703805 0.69703805 0.69703805 
12.84 0.64866835 0.64866835 0.64866835 
12.88 0.6162982 0.6162985 0.6162982 
12.92 0.5999283 0.5999287 0.5999284 
12.96 0.5995585 0.599559 0.5995586 
13.0 0.6151888 0.6151893 0.6151888 
13.04 0.6468191 0.6468195 0.6468188 
13.08 0.6944491 0.69444937 0.6944491 
13.12 0.7580794 0.7580794 0.7580792 
13.16 0.8377097 0.8377096 0.83770937 
13.2 0.9333398 0.9333396 0.9333393 
13.24 1.0449699 1.0449697 1.0449694 
13.28 1.1725998 1.1726 1.1725996 
13.32 1.31623 1.31623 1.3162297 
13.36 1.4459575 1.3904974 1.4644308 
13.4 1.5063022 1.4225959 1.5318134 
13.44 1.5191844 1.4166858 1.5460658 
13.48 1.4892106 1.3822429 1.5058467 
13.5199995 1.4338436 1.322337 1.4268469 
13.559999 1.3559977 1.2525315 1.3290535 
13.599999 1.271722 1.1525432 1.2194369 
13.639999 1.1611501 1.0266261 1.0933998 
13.679999 1.0296215 0.8854248 0.95831335 
13.719999 0.8885327 0.7387692 0.8203762 
13.759999 0.75184274 0.6062822 0.6920386 
13.799999 0.6311526 0.48655874 0.57970065 
13.84 0.52646244 0.38283494 0.4833627 
13.88 0.43777236 0.2951113 0.403025 
13.92 0.36508226 0.22338761 0.32400918 
13.96 0.30471998 0.16766404 0.25608075 
14.0 0.26035783 0.12794028 0.20415236 
14.04 0.23199531 0.104216635 0.16822384 
14.08 0.21963271 0.09649275 0.14829554 
14.12 0.22327052 0.10476896 0.14436719 
14.16 0.24290818 0.1290454 0.15643877 
14.2 0.27854562 0.1693215 0.1845103 
14.24 0.3301833 0.22559763 0.22858176 
14.28 0.3978209 0.29787385 0.2886535 
14.32 0.4814585 0.38615015 0.364725 
14.36 0.58109605 0.49042648 0.4567965 
14.4 0.6967337 0.6107027 0.564868 
14.44 0.82837135 0.746979 0.68893945 
14.48 0.9760089 0.8992554 0.829011 
14.5199995 1.1396466 1.0675315 0.98508257 
14.559999 1.3192842 1.2518078 1.1571542 
14.599999 1.5149219 1.4520843 1.3452259 
14.639999 1.6408954 1.6683604 1.4678215 
14.679999 1.7289976 1.8258024 1.6072297 
14.719999 1.7678941 1.9291894 1.693513 
14.759999 1.7675788 1.9585489 1.7454665 
14.799999 1.7357733 1.9229021 1.7657585 
14.839999 1.6921202 1.8355545 1.7686392 
14.88 1.6455325 1.7054304 1.7750578 
14.92 1.6001632 1.5431545 1.7758617 
14.96 1.563316 1.3684835 1.780537 
15.0 1.5409869 1.1900727 1.7956866 
15.04 1.5346578 1.0274506 1.8243158 
15.08 1.5443286 0.87664586 1.8606503 
15.12 1.5518861 0.7322906 1.9074591 
15.16 1.570312 0.6039354 1.9702677 
15.2 1.604738 0.4796014 2.049076 
15.24 1.6551642 0.3712677 2.131925 
15.28 1.7215903 0.27893358 2.2307744 
15.32 1.7817265 0.20259959 2.309546 
15.36 1.8578624 0.14226572 2.4043183 
15.4 1.9499981 0.097931534 2.5150902 
15.44 2.0581343 0.06959752 2.6418624 
15.48 2.18227 0.05726354 2.7846346 
15.5199995 2.3224063 0.060929567 2.9434068 
15.559999 2.4785419 0.08059564 3.0141015 
15.599999 2.636468 0.116261676 3.0415344 
15.639999 2.7054532 0.1679276 3.044464 
15.679999 2.779115 0.23559353 3.029182 
15.719999 2.815083 0.31925973 2.981255 
15.759999 2.8150482 0.41892552 2.8935623 
15.799999 2.7890685 0.53459144 2.7674756 
15.839999 2.7527244 0.6662576 2.605141 
15.88 2.6748493 0.81392366 2.4143445 
15.92 2.5569146 0.97758967 2.2072632 
15.96 2.4032774 1.089606 1.9908363 
16.0 2.222833 1.1550303 1.77048 
16.039999 2.0298674 1.1665864 1.5661238 
16.08 1.834255 1.1408025 1.3570975 
16.119999 1.6429211 1.0971441 1.1585652 
16.16 1.458509 1.0364265 0.9760333 
16.199999 1.282825 0.96758115 0.8095011 
16.24 1.1231412 0.8882358 0.6589692 
16.279999 0.9794571 0.80448 0.52443707 
16.32 0.85177296 0.72909385 0.40590492 
16.359999 0.74008906 0.66970766 0.30337334 
16.4 0.6444053 0.6263215 0.21684122 
16.44 0.564721 0.58152163 0.14630924 
16.48 0.501037 0.5527217 0.09177728 
16.52 0.4533532 0.53040206 0.053245354 
16.56 0.4216692 0.5224306 0.030713273 
16.6 0.4059852 0.5304592 0.024181223 
16.64 0.40630126 0.5544879 0.033649236 
16.68 0.42261735 0.59451663 0.059117142 
16.72 0.4549332 0.65054506 0.10058525 
16.76 0.5032492 0.7225739 0.15805306 
16.8 0.5675652 0.81060255 0.23152117 
16.84 0.6478811 0.91463125 0.32098892 
16.88 0.7441972 1.0346597 0.4264569 
16.92 0.8565133 1.1706884 0.54792494 
16.96 0.9848291 1.3227167 0.6853927 
17.0 1.129145 1.4907455 0.83886105 
17.039999 1.289461 1.6747738 1.008329 
17.08 1.465777 1.8748024 1.193797 
17.119999 1.6580932 2.0558386 1.3952643 
17.16 1.8664092 2.1909738 1.612732 
17.199999 2.026128 2.3042817 1.8064789 
17.24 2.1307259 2.3344145 2.000568 
17.279999 2.1971943 2.2908614 2.1422398 
17.32 2.2275243 2.226569 2.2464132 
17.359999 2.245663 2.1417584 2.3288953 
17.4 2.2356584 2.0347898 2.3974602 
17.44 2.2086432 1.9242833 2.4501774 
17.48 2.1401455 1.8168787 2.515726 
17.52 2.0429645 1.7264646 2.549391 
17.56 1.9283698 1.6449075 2.6081603 
17.6 1.8117292 1.5806655 2.6726623 
17.64 1.7069755 1.5348309 2.759064 
17.68 1.619422 1.5059314 2.8669498 
17.72 1.5478686 1.4930316 2.9908347 
17.76 1.492315 1.496132 3.1307201 
17.8 1.4527618 1.5152322 3.2866054 
17.84 1.4292083 1.5503322 3.458491 
17.88 1.4216549 1.6014327 3.6183825 
17.92 1.4301014 1.6685331 3.7544878 
17.96 1.4545479 1.7516335 3.8813195 
18.0 1.4949946 1.8507335 3.9529305 
18.039999 1.5514412 1.9658338 3.985304 
18.08 1.6238875 2.096934 4.0081677 
18.119999 1.7123343 2.217284 4.0216885 
18.16 1.8167807 2.3537314 4.029483 
18.199999 1.9372276 2.5061789 4.0229793 
18.24 2.073674 2.6692345 4.006194 
18.279999 2.2261207 2.8482914 3.969961 
18.32 2.394567 3.01824 3.9096842 
18.359999 2.5790136 3.1040802 3.8219545 
18.4 2.7665408 3.128887 3.70682 
18.44 2.871455 3.1213987 3.5670996 
18.48 2.9392633 3.0956726 3.4069498 
18.52 2.9799213 3.0518818 3.2323225 
18.56 2.979127 2.9865215 3.052728 
18.6 2.9562223 2.8988926 2.871195 
18.64 2.9099567 2.783491 2.6898468 
18.68 2.8293188 2.6469371 2.5106528 
18.72 2.7094505 2.482607 2.3359864 
18.76 2.5534742 2.286616 2.165454 
18.8 2.3675652 2.0644224 1.999841 
18.84 2.1614974 1.8238723 1.8403318 
18.88 1.9486915 1.5727112 1.6968225 
18.92 1.7361901 1.3189877 1.5628164 
18.96 1.5320287 1.0812647 1.4448559 
19.0 1.3365345 0.8595413 1.342895 
19.039999 1.1546317 0.6538177 1.2569345 
19.08 0.98872876 0.4640944 1.1869737 
19.119999 0.83882594 0.29037112 1.1330129 
19.16 0.70492315 0.13264771 1.0950518 
19.199999 0.5870202 -0.009075626 1.073091 
19.24 0.48511717 -0.13479923 1.0671302 
19.279999 0.3992142 -0.24452256 1.0771695 
19.32 0.32931137 -0.33824602 1.103209 
19.359999 0.27540863 -0.41596916 1.145248 
19.4 0.2375057 -0.47769263 1.2032874 
19.439999 0.21560301 -0.52341604 1.2773265 
19.48 0.20970017 -0.55313945 1.3673658 
19.52 0.21979745 -0.56686276 1.4734052 
19.56 0.2458943 -0.56458616 1.5954446 
19.6 0.28799132 -0.54630953 1.7334836 
19.64 0.34608853 -0.51203305 1.8875229 
19.68 0.42018563 -0.46175644 2.057562 
19.72 0.51028264 -0.3954798 2.2436016 
19.76 0.6163799 -0.3132031 2.4366653 
19.8 0.7384767 -0.21492645 2.5633614 
19.84 0.8765739 -0.10064975 2.658362 
19.88 1.0306708 0.029626831 2.7029731 
19.92 1.200768 0.17590366 2.702183 
19.96 1.3868651 0.3381801 2.668157 
20.0 1.5266215 0.5164567 2.5923462 
20.039999 1.6890566 0.7107334 2.489814 
20.08 1.8041773 0.87836426 2.377512 
20.119999 1.8787644 1.0676879 2.2487936 
20.16 1.9139034 1.2740488 2.0944219 
20.199999 1.9164459 1.4964099 1.9209669 
20.24 1.8901116 1.7347711 1.7360531 
20.279999 1.8406764 1.9891324 1.5519121 
20.32 1.7791568 2.2540615 1.3761044 
20.359999 1.7209805 2.5349908 1.2109826 
20.4 1.6757989 2.8319201 1.0584011 
20.439999 1.6466173 3.12812 0.9218198 
20.48 1.6334358 3.4403198 0.80123854 
20.52 1.636254 3.7519774 0.6902044 
20.56 1.6337994 4.0696235 0.5951703 
20.6 1.6473514 4.309185 0.51613635 
20.64 1.6769032 4.502801 0.45310214 
20.68 1.7028098 4.681895 0.4060681 
20.72 1.7455548 4.7556434 0.37503394 
20.76 1.8043001 4.817135 0.35999987 
20.8 1.8790454 4.8349447 0.36096585 
20.84 1.9697903 4.832039 0.3779317 
20.88 2.0765352 4.8083787 0.4108975 
20.92 2.1992805 4.7641263 0.45986336 
20.96 2.3380253 4.6878715 0.52482945 
21.0 2.49277 4.5886993 0.60579544 
21.039999 2.6541278 4.465251 0.7027612 
21.08 2.7371848 4.316441 0.815727 
21.119999 2.7886734 4.1449366 0.94469315 
21.16 2.812134 3.9527416 1.0896589 
21.199999 2.8120081 3.7419107 1.2506244 
21.24 2.7859147 3.5162103 1.4275905 
21.279999 2.7358744 3.2803888 1.6205564 
21.32 2.6536987 3.0392752 1.7874814 
21.359999 2.539372 2.797456 1.8644489 
21.4 2.3970978 2.5591052 1.872049 
21.439999 2.2348268 2.3291123 1.8189336 
21.48 2.0648975 2.107706 1.7243422 
21.52 1.8969797 1.8941593 1.6091433 
21.56 1.7370682 1.688191 1.4791012 
21.6 1.5844901 1.4900247 1.3503973 
21.64 1.4421542 1.2999282 1.2022727 
21.68 1.3158185 1.1184283 1.0447786 
21.72 1.2054834 0.94740576 0.8707495 
21.76 1.1111478 0.789735 0.68436134 
21.8 1.032812 0.6473974 0.48837584 
21.84 0.9704764 0.51948273 0.29183903 
21.88 0.9241408 0.40418345 0.11068974 
21.92 0.89380515 0.29773414 -0.061192088 
21.96 0.87946963 0.20728482 -0.2244368 
22.0 0.8811342 0.11855217 -0.37168154 
22.039999 0.8987985 0.043742023 -0.50817394 
22.08 0.93246305 -0.015068208 -0.6286664 
22.119999 0.98212755 -0.057878427 -0.73315865 
22.16 1.047792 -0.08468858 -0.8216509 
22.199999 1.1294563 -0.09549863 -0.89414346 
22.24 1.2271205 -0.09030894 -0.9506359 
22.279999 1.3407851 -0.06911901 -0.991128 
22.32 1.4704497 -0.03192914 -1.0156204 
22.359999 1.616114 0.02126081 -1.0241129 
22.4 1.7777781 0.09045077 -1.0166054 
22.439999 1.9554425 0.17564079 -0.99309766 
22.48 2.149107 0.2768306 -0.9535902 
22.519999 2.355091 0.39402062 -0.89808273 
22.56 2.4917305 0.5272107 -0.82657516 
22.6 2.6177998 0.67640054 -0.7390676 
22.64 2.6730795 0.8415905 -0.63556004 
22.68 2.6910574 1.0227802 -0.5160523 
22.72 2.6665301 1.21997 -0.38054472 
22.76 2.6508203 1.4331598 -0.22903724 
22.8 2.5975254 1.6623497 -0.061529562 
22.84 2.5030947 1.8424191 0.121977754 
22.88 2.3710423 1.9559433 0.32148546 
22.92 2.2092307 1.999859 0.5369931 
22.96 2.0284445 1.9735073 0.7685005 
23.0 1.8407253 1.8823988 0.94872105 
23.039999 1.6610483 1.7393885 1.1522396 
23.08 1.4934603 1.5616707 1.2886925 
23.119999 1.3399701 1.3651879 1.3658872 
23.16 1.2024803 1.1602416 1.3974965 
23.199999 1.0809898 0.97129554 1.4074502 
23.24 0.97549987 0.7983491 1.4037125 
23.279999 0.8860097 0.63360345 1.3956211 
23.32 0.81251955 0.48007232 1.4007846 
23.359999 0.7550294 0.33639404 1.4219483 
23.4 0.7135394 0.20871578 1.4404625 
23.439999 0.6880494 0.09703736 1.4667487 
23.48 0.6785591 0.0013590436 1.5090346 
23.519999 0.6850691 -0.07831931 1.5460024 
23.56 0.707579 -0.14199786 1.5915816 
23.6 0.74608886 -0.18967634 1.6427114 
23.64 0.80059886 -0.22135471 1.7098411 
23.68 0.8711086 -0.2370332 1.7704872 
23.72 0.9576185 -0.23671162 1.8460664 
23.76 1.0601281 -0.22039 1.9332073 
23.8 1.178638 -0.1880683 2.036348 
23.84 1.3131481 -0.13974668 2.1554887 
23.88 1.4636581 -0.07542495 2.2906294 
23.92 1.6301678 0.0048966305 2.4417706 
23.96 1.8126777 0.101218276 2.6089113 
24.0 2.0111878 0.21353982 2.7920525 
24.039999 2.1815798 0.34186143 2.9911928 
24.08 2.3259542 0.48618305 3.2063332 
24.119999 2.4345436 0.6465046 3.4374743 
24.16 2.482803 0.8228264 3.6846154 
24.199999 2.52458 1.0151479 3.9408941 
24.24 2.5313866 1.2234695 4.188784 
24.279999 2.494261 1.447791 4.2777905 
24.32 2.4133468 1.6881126 4.309362 
24.359999 2.293608 1.9444343 4.3250804 
24.4 2.1447585 2.2167559 4.3287826 
24.439999 1.9790467 2.5050774 4.306431 
24.48 1.8150095 2.8093994 4.264987 
24.519999 1.6631876 NaN 4.2202153 
24.56 1.5245702 NaN 4.1833663 
24.6 1.4019526 NaN 4.162775 
24.64 1.2953352 NaN 4.158183 
24.68 1.2047176 NaN 4.169591 
24.72 1.1301003 NaN 4.197 
24.76 1.0714828 NaN 4.2404084 
24.8 1.0288655 NaN 4.2998166 
24.84 1.0022479 NaN NaN 
24.88 0.99163026 NaN NaN 
24.92 0.9970128 NaN NaN 
24.96 1.0183954 NaN NaN 
25.0 1.055778 NaN NaN 
25.039999 1.1091604 NaN NaN 
25.08 1.1785426 NaN NaN 
25.119999 1.2639256 NaN NaN 
25.16 1.3653076 NaN NaN 
25.199999 1.4826905 NaN NaN 
25.24 1.6160728 NaN NaN 
25.279999 1.7654552 NaN NaN 
25.32 1.9308375 NaN NaN 
25.359999 2.038493 NaN NaN 
25.4 2.1172369 NaN NaN 
25.439999 2.177085 NaN NaN 
25.48 2.2077389 NaN NaN 
25.519999 2.202656 NaN NaN 
25.56 2.1627402 NaN NaN 
25.599998 2.0929492 NaN NaN 
25.64 2.0011337 NaN NaN 
25.68 1.8996902 NaN NaN 
25.72 1.8035126 NaN NaN 
25.76 1.725417 NaN NaN 
25.8 1.6633216 NaN NaN 
25.84 1.6172259 NaN NaN 
25.88 1.5871305 NaN NaN 
25.92 1.5730349 NaN NaN 
25.96 1.5749396 NaN NaN 
26.0 1.5928441 NaN NaN 
26.039999 1.6267484 NaN NaN 
26.08 1.6766528 NaN NaN 
26.119999 1.7425573 NaN NaN 
26.16 1.8244619 NaN NaN 
26.199999 1.9223664 NaN NaN 
26.24 2.0362709 NaN NaN 
26.279999 2.1661754 NaN NaN 
26.32 2.3120797 NaN NaN 
26.359999 2.473984 NaN NaN 
26.4 2.6518881 NaN NaN 
26.439999 2.8457928 NaN NaN 
26.48 3.0556972 NaN NaN 
26.519999 3.2304928 NaN NaN 
26.56 3.3185613 NaN NaN 
26.599998 3.3944206 NaN NaN 
26.64 3.4354358 NaN NaN 
26.68 3.411555 NaN NaN 
26.72 3.3518665 NaN NaN 
26.76 3.259849 NaN NaN 
26.8 3.1438112 NaN NaN 
26.84 3.0104039 NaN NaN 
26.88 2.8724446 NaN NaN 
26.92 2.73491 NaN NaN 
26.96 2.6017177 NaN NaN 
27.0 2.4739037 NaN NaN 
27.039999 2.3507855 NaN NaN 
27.08 2.2436676 NaN NaN 
27.119999 2.149184 NaN NaN 
27.16 2.0706997 NaN NaN 
27.199999 2.008216 NaN NaN 
27.24 1.9617323 NaN NaN 
27.279999 1.9312487 NaN NaN 
27.32 1.9167647 NaN NaN 
27.359999 1.9182811 NaN NaN 
27.4 1.9357973 NaN NaN 
27.439999 1.9693136 NaN NaN 
27.48 2.0188296 NaN NaN 
27.519999 2.084346 NaN NaN 
27.56 2.165862 NaN NaN 
27.599998 2.2633784 NaN NaN 
27.64 2.3768942 NaN NaN 
27.68 2.5064108 NaN NaN 
27.72 2.6408522 NaN NaN 
27.76 2.779604 NaN NaN 
27.8 2.8535454 NaN NaN 
27.84 2.8899639 NaN NaN 
27.88 2.898308 NaN NaN 
27.92 2.846555 NaN NaN 
27.96 2.7791731 NaN NaN 
28.0 2.664033 NaN NaN 
28.039999 2.5117404 NaN NaN 
28.08 2.3327918 NaN NaN 
28.119999 2.1384323 NaN NaN 
28.16 1.9414208 NaN NaN 
28.199999 1.749783 NaN NaN 
28.24 1.5674449 NaN NaN 
28.279999 1.4011064 NaN NaN 
28.32 1.2507676 NaN NaN 
28.359999 1.116429 NaN NaN 
28.4 0.99809057 NaN NaN 
28.439999 0.89575183 NaN NaN 
28.48 0.8094131 NaN NaN 
28.519999 0.73907465 NaN NaN 
28.56 0.68473595 NaN NaN 
28.599998 0.6463974 NaN NaN 
28.64 0.6240588 NaN NaN 
28.68 0.6177203 NaN NaN 
28.72 0.62738144 NaN NaN 
28.76 0.65304285 NaN NaN 
28.8 0.69470435 NaN NaN 
28.84 0.75236577 NaN NaN 
28.88 0.82602733 NaN NaN 
28.92 0.9156887 NaN NaN 
28.96 1.0213501 NaN NaN 
29.0 1.1430117 NaN NaN 
29.039999 1.280673 NaN NaN 
29.08 1.4343344 NaN NaN 
29.119999 1.6039962 NaN NaN 
29.16 1.7896574 NaN NaN 
29.199999 1.9913188 NaN NaN 
29.24 2.186465 NaN NaN 
29.279999 2.3338556 NaN NaN 
29.32 2.4453812 NaN NaN 
29.359999 2.5216637 NaN NaN 
29.4 2.566466 NaN NaN 
29.439999 2.5680778 NaN NaN 
29.48 2.5246675 NaN NaN 
29.519999 2.4398396 NaN NaN 
29.56 2.3220682 NaN NaN 
29.599998 2.1810622 NaN NaN 
29.64 2.0302827 NaN NaN 
29.679998 1.8837914 NaN NaN 
29.72 1.7466321 NaN NaN 
29.76 1.6202183 NaN NaN 
29.8 1.509804 NaN NaN 
29.84 1.4153897 NaN NaN 
29.88 1.3369755 NaN NaN 
29.92 1.2745616 NaN NaN 
29.96 1.2281471 NaN NaN 
30.0 1.1977332 NaN NaN 
30.039999 1.1833192 NaN NaN 
30.08 1.1849048 NaN NaN 
30.119999 1.2024903 NaN NaN 
30.16 1.2360762 NaN NaN 
30.199999 1.2856623 NaN NaN 
30.24 1.351248 NaN NaN 
30.279999 1.4328336 NaN NaN 
30.32 1.5304193 NaN NaN 
30.359999 1.6440053 NaN NaN 
30.4 1.773591 NaN NaN 
30.439999 1.9191769 NaN NaN 
30.48 2.0807626 NaN NaN 
30.519999 2.2369308 NaN NaN 
30.56 2.342211 NaN NaN 
30.599998 2.400068 NaN NaN 
30.64 2.4207265 NaN NaN 
30.679998 2.4046826 NaN NaN 
30.72 2.3485832 NaN NaN 
30.76 2.2527173 NaN NaN 
30.8 2.1228082 NaN NaN 
30.84 1.9694871 NaN NaN 
30.88 1.8082076 NaN NaN 
30.92 1.649686 NaN NaN 
30.96 1.5012864 NaN NaN 
31.0 1.3640807 NaN NaN 
31.039999 1.2428752 NaN NaN 
31.08 1.1376694 NaN NaN 
31.119999 1.0484637 NaN NaN 
31.16 0.9752577 NaN NaN 
31.199999 0.9180521 NaN NaN 
31.24 0.87684613 NaN NaN 
31.279999 0.85164046 NaN NaN 
31.32 0.8424349 NaN NaN 
31.359999 0.84922934 NaN NaN 
31.4 0.8720237 NaN NaN 
31.439999 0.9108179 NaN NaN 
31.48 0.9656122 NaN NaN 
31.519999 1.0364066 NaN NaN 
31.56 1.1232008 NaN NaN 
31.599998 1.2259951 NaN NaN 
31.64 1.3447894 NaN NaN 
31.679998 1.4795836 NaN NaN 
31.72 1.6303778 NaN NaN 
31.76 1.7971718 NaN NaN 
31.8 1.9799664 NaN NaN 
31.84 2.1722155 NaN NaN 
31.88 2.2858348 NaN NaN 
31.92 2.371344 NaN NaN 
31.96 2.4303532 NaN NaN 
32.0 2.464054 NaN NaN 
32.04 2.4378095 NaN NaN 
32.079998 2.3934162 NaN NaN 
32.12 2.2988124 NaN NaN 
32.16 2.1663811 NaN NaN 
32.2 2.009665 NaN NaN 
32.239998 1.8473244 NaN NaN 
32.28 1.6891456 NaN NaN 
32.32 1.5394399 NaN NaN 
32.36 1.4030584 NaN NaN 
32.399998 1.2826769 NaN NaN 
32.44 1.178295 NaN NaN 
32.48 1.0899134 NaN NaN 
32.52 1.0175315 NaN NaN 
32.559998 0.9611499 NaN NaN 
32.6 0.92076814 NaN NaN 
32.64 0.89638644 NaN NaN 
32.68 0.88800466 NaN NaN 
32.719997 0.8956227 NaN NaN 
32.76 0.9192409 NaN NaN 
32.8 0.958859 NaN NaN 
32.84 1.0144771 NaN NaN 
32.88 1.0860957 NaN NaN 
32.92 1.1737138 NaN NaN 
32.96 1.277332 NaN NaN 
33.0 1.3969502 NaN NaN 
33.04 1.5325682 NaN NaN 
33.079998 1.6841865 NaN NaN 
33.12 1.8518046 NaN NaN 
33.16 1.9830133 NaN NaN 
33.2 2.0671659 NaN NaN 
33.239998 2.1002598 NaN NaN 
33.28 2.093 NaN NaN 
33.32 2.0515418 NaN NaN 
33.36 1.970998 NaN NaN 
33.399998 1.8536994 NaN NaN 
33.44 1.7078154 NaN NaN 
33.48 1.5480676 NaN NaN 
33.52 1.3862636 NaN NaN 
33.559998 1.2404594 NaN NaN 
33.6 1.1106554 NaN NaN 
33.64 0.9968515 NaN NaN 
33.68 0.89904743 NaN NaN 
33.719997 0.8172432 NaN NaN 
33.76 0.7514391 NaN NaN 
33.8 0.7016349 NaN NaN 
33.84 0.6678309 NaN NaN 
33.88 0.6500269 NaN NaN 
33.92 0.6482226 NaN NaN 
33.96 0.6624185 NaN NaN 
34.0 0.6926143 NaN NaN 
34.04 0.7388103 NaN NaN 
34.079998 0.80100614 NaN NaN 
34.12 0.8792019 NaN NaN 
34.16 0.97339803 NaN NaN 
34.2 1.0835937 NaN NaN 
34.239998 1.2097896 NaN NaN 
34.28 1.3519855 NaN NaN 
34.32 1.5101812 NaN NaN 
34.36 1.6843771 NaN NaN 
34.399998 1.8745729 NaN NaN 
34.44 2.0428803 NaN NaN 
34.48 2.155877 NaN NaN 
34.52 2.2392776 NaN NaN 
34.559998 2.2865393 NaN NaN 
34.6 2.3177855 NaN NaN 
34.64 2.3159378 NaN NaN 
34.68 2.2742105 NaN NaN 
34.719997 2.1937203 NaN NaN 
34.76 2.081476 NaN NaN 
34.8 1.9473777 NaN NaN 
34.84 1.805248 NaN NaN 
34.88 1.6627431 NaN NaN 
34.92 1.5264864 NaN NaN 
34.96 1.4041166 NaN NaN 
35.0 1.297747 NaN NaN 
35.04 1.2073772 NaN NaN 
35.079998 1.1330076 NaN NaN 
35.12 1.0746375 NaN NaN 
35.16 1.032268 NaN NaN 
35.2 1.0058982 NaN NaN 
35.239998 0.99552834 NaN NaN 
35.28 1.0011587 NaN NaN 
35.32 1.0227888 NaN NaN 
35.36 1.0604191 NaN NaN 
35.399998 1.1140497 NaN NaN 
35.44 1.1836797 NaN NaN 
35.48 1.2693101 NaN NaN 
35.52 1.3709403 NaN NaN 
35.559998 1.4885708 NaN NaN 
35.6 1.6222007 NaN NaN 
35.64 1.7718312 NaN NaN 
35.68 1.9374611 NaN NaN 
35.719997 2.1190917 NaN NaN 
35.76 2.301061 NaN NaN 
35.8 2.4191036 NaN NaN 
35.84 2.4876213 NaN NaN 
35.88 2.509775 NaN NaN 
35.92 2.4945679 NaN NaN 
35.96 2.444494 NaN NaN 
36.0 2.3569272 NaN NaN 
36.04 2.2324588 NaN NaN 
36.079998 2.0781474 NaN NaN 
36.12 1.9069109 NaN NaN 
36.16 1.7355957 NaN NaN 
36.2 1.5746391 NaN NaN 
36.239998 1.4296829 NaN NaN 
36.28 1.3007263 NaN NaN 
36.32 1.1877702 NaN NaN 
36.36 1.0908139 NaN NaN 
36.399998 1.0098572 NaN NaN 
36.44 0.9449011 NaN NaN 
36.48 0.89594483 NaN NaN 
36.52 0.86298865 NaN NaN 
36.559998 0.8460325 NaN NaN 
36.6 0.845076 NaN NaN 
36.64 0.86011976 NaN NaN 
36.68 0.89116335 NaN NaN 
36.719997 0.9382073 NaN NaN 
36.76 1.0012507 NaN NaN 
36.8 1.0802945 NaN NaN 
36.84 1.1753379 NaN NaN 
36.88 1.2863815 NaN NaN 
36.92 1.4134253 NaN NaN 
36.96 1.5564688 NaN NaN 
37.0 1.7155124 NaN NaN 
37.04 1.8905561 NaN NaN 
37.079998 2.0815997 NaN NaN 
37.12 2.239565 NaN NaN 
37.16 2.3457274 NaN NaN 
37.2 2.4012654 NaN NaN 
37.239998 2.4197752 NaN NaN 
37.28 2.3900445 NaN NaN 
37.32 2.3081315 NaN NaN 
37.36 2.1764836 NaN NaN 
37.399998 2.0030658 NaN NaN 
37.44 1.799017 NaN NaN 
37.48 1.5828863 NaN NaN 
37.52 1.3682592 NaN NaN 
37.559998 1.1644069 NaN NaN 
37.6 0.97655416 NaN NaN 
37.64 0.80470175 NaN NaN 
37.68 0.6488491 NaN NaN 
37.719997 0.5089965 NaN NaN 
37.76 0.3851437 NaN NaN 
37.8 0.2772911 NaN NaN 
37.84 0.18543826 NaN NaN 
37.879997 0.10958583 NaN NaN 
37.92 0.049733136 NaN NaN 
37.96 0.0058806213 NaN NaN 
38.0 -0.02197203 NaN NaN 
38.04 -0.03382454 NaN NaN 
38.079998 -0.029677011 NaN NaN 
38.12 -0.00952949 NaN NaN 
38.16 0.02661782 NaN NaN 
38.2 0.078765325 NaN NaN 
38.239998 0.14691262 NaN NaN 
38.28 0.2310599 NaN NaN 
38.32 0.3312074 NaN NaN 
38.36 0.44735473 NaN NaN 
38.399998 0.5795023 NaN NaN 
38.44 0.7276496 NaN NaN 
38.48 0.89179695 NaN NaN 
38.52 1.0719445 NaN NaN 
38.559998 1.268092 NaN NaN 
38.6 1.4802393 NaN NaN 
38.64 1.6320877 NaN NaN 
38.68 1.7479064 NaN NaN 
38.719997 1.809867 NaN NaN 
38.76 1.8203856 NaN NaN 
38.8 1.7896386 NaN NaN 
38.84 1.7366412 NaN NaN 
38.879997 1.666035 NaN NaN 
38.92 1.586973 NaN NaN 
38.96 1.5101676 NaN NaN 
39.0 1.4444182 NaN NaN 
39.04 1.3946687 NaN NaN 
39.079998 1.360919 NaN NaN 
39.12 1.3431692 NaN NaN 
39.16 1.34142 NaN NaN 
39.2 1.3420229 NaN NaN 
39.239998 1.358626 NaN NaN 
39.28 1.3745933 NaN NaN 
39.32 1.4080917 NaN NaN 
39.36 1.4575896 NaN NaN 
39.399998 1.523088 NaN NaN 
39.44 1.604586 NaN NaN 
39.48 1.7020842 NaN NaN 
39.52 1.8155824 NaN NaN 
39.559998 1.9450805 NaN NaN 
39.6 2.0905786 NaN NaN 
39.64 2.2520766 NaN NaN 
39.68 2.4295747 NaN NaN 
39.719997 2.6212604 NaN NaN 
39.76 2.71693 NaN NaN 
39.8 2.7802043 NaN NaN 
39.84 2.8212128 NaN NaN 
39.879997 2.8257382 NaN NaN 
39.92 2.7873223 NaN NaN 
39.96 2.7021623 NaN NaN 
40.0 2.5746622 NaN NaN 
40.04 2.4131641 NaN NaN 
40.079998 2.2300198 NaN NaN 
40.12 2.0404346 NaN NaN 
40.16 1.8529907 NaN NaN 
40.2 1.672878 NaN NaN 
40.239998 1.4989631 NaN NaN 
40.28 1.3410487 NaN NaN 
40.32 1.1991339 NaN NaN 
40.36 1.0732191 NaN NaN 
40.399998 0.9633042 NaN NaN 
40.44 0.8693894 NaN NaN 
40.48 0.7914747 NaN NaN 
40.52 0.72956014 NaN NaN 
40.559998 0.6836454 NaN NaN 
40.6 0.6537306 NaN NaN 
40.64 0.639816 NaN NaN 
40.68 0.6419012 NaN NaN 
40.719997 0.65998644 NaN NaN 
40.76 0.6940717 NaN NaN 
40.8 0.744157 NaN NaN 
40.84 0.81024224 NaN NaN 
40.879997 0.8923273 NaN NaN 
40.92 0.9904126 NaN NaN 
40.96 1.1044977 NaN NaN 
41.0 1.2345833 NaN NaN 
41.04 1.3806682 NaN NaN 
41.079998 1.5427536 NaN NaN 
41.12 1.7208389 NaN NaN 
41.16 1.847173 NaN NaN 
41.2 1.9362919 NaN NaN 
41.239998 1.9808681 NaN NaN 
41.28 1.987642 NaN NaN 
41.32 1.962633 NaN NaN 
41.36 1.9042778 NaN NaN 
41.399998 1.8167735 NaN NaN 
41.44 1.7088877 NaN NaN 
41.48 1.596706 NaN NaN 
41.52 1.4925175 NaN NaN 
41.559998 1.4043286 NaN NaN 
41.6 1.3321396 NaN NaN 
41.64 1.2759507 NaN NaN 
41.68 1.2357618 NaN NaN 
41.719997 1.2115729 NaN NaN 
41.76 1.2033842 NaN NaN 
41.8 1.2111951 NaN NaN 
41.84 1.2350061 NaN NaN 
41.879997 1.274817 NaN NaN 
41.92 1.3306282 NaN NaN 
41.96 1.4024389 NaN NaN 
42.0 1.4902499 NaN NaN 
42.04 1.5940611 NaN NaN 
42.079998 1.7138722 NaN NaN 
42.12 1.8496835 NaN NaN 
42.16 2.0014944 NaN NaN 
42.2 2.1693056 NaN NaN 
42.239998 2.3531168 NaN NaN 
42.28 2.5529277 NaN NaN 
42.32 2.7084727 NaN NaN 
42.36 2.8027353 NaN NaN 
42.399998 2.852917 NaN NaN 
42.44 2.8855531 NaN NaN 
42.48 2.8653462 NaN NaN 
42.52 2.8334365 NaN NaN 
42.559998 2.7471173 NaN NaN 
42.6 2.612538 NaN NaN 
42.64 2.437344 NaN NaN 
42.68 2.231829 NaN NaN 
42.719997 2.0097866 NaN NaN 
42.76 1.7864037 NaN NaN 
42.8 1.5754478 NaN NaN 
42.84 1.3802803 NaN NaN 
42.879997 1.2011123 NaN NaN 
42.92 1.0379443 NaN NaN 
42.96 0.8907767 NaN NaN 
43.0 0.7596086 NaN NaN 
43.04 0.6444408 NaN NaN 
43.079998 0.5452731 NaN NaN 
43.12 0.46210533 NaN NaN 
43.16 0.3949375 NaN NaN 
43.2 0.34376973 NaN NaN 
43.239998 0.30860198 NaN NaN 
43.28 0.289434 NaN NaN 
43.32 0.28626606 NaN NaN 
43.36 0.29909825 NaN NaN 
43.399998 0.32793042 NaN NaN 
43.44 0.37276265 NaN NaN 
43.48 0.4335946 NaN NaN 
43.52 0.51042694 NaN NaN 
43.559998 0.60325915 NaN NaN 
43.6 0.7120913 NaN NaN 
43.64 0.83692354 NaN NaN 
43.68 0.97775555 NaN NaN 
43.719997 1.1345875 NaN NaN 
43.76 1.3074195 NaN NaN 
43.8 1.4962516 NaN NaN 
43.84 1.7010838 NaN NaN 
43.879997 1.9084619 NaN NaN 
43.92 2.0510945 NaN NaN 
43.96 2.1365333 NaN NaN 
44.0 2.1617224 NaN NaN 
44.04 2.1322165 NaN NaN 
44.079998 2.062455 NaN NaN 
44.12 1.9661562 NaN NaN 
44.16 1.8474836 NaN NaN 
44.2 1.7141637 NaN NaN 
44.239998 1.5768328 NaN NaN 
44.28 1.4555014 NaN NaN 
44.32 1.3501705 NaN NaN 
44.36 1.2608391 NaN NaN 
44.399998 1.1875079 NaN NaN 
44.44 1.130177 NaN NaN 
44.48 1.0888457 NaN NaN 
44.52 1.0635146 NaN NaN 
44.559998 1.0541834 NaN NaN 
44.6 1.0608524 NaN NaN 
44.64 1.0835211 NaN NaN 
44.68 1.1221899 NaN NaN 
44.719997 1.1768588 NaN NaN 
44.76 1.2475278 NaN NaN 
44.8 1.3341968 NaN NaN 
44.84 1.4368657 NaN NaN 
44.879997 1.5555342 NaN NaN 
44.92 1.6902033 NaN NaN 
44.96 1.8408722 NaN NaN 
45.0 2.007541 NaN NaN 
45.039997 2.1902096 NaN NaN 
45.079998 2.3888786 NaN NaN 
45.12 2.5543644 NaN NaN 
45.16 2.730612 NaN NaN 
45.2 2.8074138 NaN NaN 
45.239998 2.8670843 NaN NaN 
45.28 2.8871534 NaN NaN 
45.32 2.8606083 NaN NaN 
45.36 2.819392 NaN NaN 
45.399998 2.7270293 NaN NaN 
45.44 2.5909917 NaN NaN 
45.48 2.419618 NaN NaN 
45.52 2.2237751 NaN NaN 
45.559998 2.019958 NaN NaN 
45.6 1.8167303 NaN NaN 
45.64 1.6212813 NaN NaN 
45.68 1.432411 NaN NaN 
45.719997 1.2547878 NaN NaN 
45.76 1.0931649 NaN NaN 
45.8 0.9475421 NaN NaN 
45.84 0.81791914 NaN NaN 
45.879997 0.70429623 NaN NaN 
45.92 0.60667336 NaN NaN 
45.96 0.5250504 NaN NaN 
46.0 0.4594276 NaN NaN 
46.039997 0.4098046 NaN NaN 
46.079998 0.37618154 NaN NaN 
46.12 0.35855862 NaN NaN 
46.16 0.35693574 NaN NaN 
46.2 0.37131292 NaN NaN 
46.239998 0.40168998 NaN NaN 
46.28 0.44806716 NaN NaN 
46.32 0.5104443 NaN NaN 
46.36 0.5888213 NaN NaN 
46.399998 0.6831984 NaN NaN 
46.44 0.7935753 NaN NaN 
46.48 0.91995263 NaN NaN 
46.52 1.0623299 NaN NaN 
46.559998 1.2207069 NaN NaN 
46.6 1.3950838 NaN NaN 
46.64 1.5854609 NaN NaN 
46.68 1.7918382 NaN NaN 
46.719997 1.9561336 NaN NaN 
46.76 2.06916 NaN NaN 
46.8 2.1439614 NaN NaN 
46.84 2.1843038 NaN NaN 
46.879997 2.2126977 NaN NaN 
46.92 2.199116 NaN NaN 
46.96 2.1800044 NaN NaN 
47.0 2.1255703 NaN NaN 
47.039997 2.047319 NaN NaN 
47.079998 1.9567692 NaN NaN 
47.12 1.871905 NaN NaN 
47.16 1.8068858 NaN NaN 
47.2 1.7578661 NaN NaN 
47.239998 1.7248467 NaN NaN 
47.28 1.7078271 NaN NaN 
47.32 1.706808 NaN NaN 
47.36 1.7217883 NaN NaN 
47.399998 1.7527691 NaN NaN 
47.44 1.7997496 NaN NaN 
47.48 1.86273 NaN NaN 
47.52 1.9417105 NaN NaN 
47.559998 2.0366912 NaN NaN 
47.6 2.1476717 NaN NaN 
47.64 2.274652 NaN NaN 
47.68 2.4176326 NaN NaN 
47.719997 2.5766137 NaN NaN 
47.76 2.7515938 NaN NaN 
47.8 2.9425743 NaN NaN 
47.84 3.1435492 NaN NaN 
47.879997 3.2565968 NaN NaN 
47.92 3.3180313 NaN NaN 
47.96 3.3659885 NaN NaN 
48.0 3.3661814 NaN NaN 
48.039997 3.3264241 NaN NaN 
48.079998 3.2471755 NaN NaN 
48.12 3.132728 NaN NaN 
48.16 2.9892628 NaN NaN 
48.2 2.825594 NaN NaN 
48.239998 2.653333 NaN NaN 
48.28 2.4780023 NaN NaN 
48.32 2.304243 NaN NaN 
48.36 2.1464846 NaN NaN 
48.399998 1.9771824 NaN NaN 
48.44 1.8175893 NaN NaN 
48.48 1.6690542 NaN NaN 
48.52 1.5365189 NaN NaN 
48.559998 1.4199837 NaN NaN 
48.6 1.3194487 NaN NaN 
48.64 1.2349135 NaN NaN 
48.68 1.1663786 NaN NaN 
48.719997 1.1138434 NaN NaN 
48.76 1.0773084 NaN NaN 
48.8 1.0567734 NaN NaN 
48.84 1.0522383 NaN NaN 
48.879997 1.0637031 NaN NaN 
48.92 1.0911682 NaN NaN 
48.96 1.1346328 NaN NaN 
49.0 1.1940978 NaN NaN 
49.039997 1.2695628 NaN NaN 
49.079998 1.361028 NaN NaN 
49.12 1.4684925 NaN NaN 
49.16 1.5919572 NaN NaN 
49.2 1.7314221 NaN NaN 
49.239998 1.8868871 NaN NaN 
49.28 2.0470703 NaN NaN 
49.32 2.2232535 NaN NaN 
49.36 2.4038143 NaN NaN 
49.399998 2.5884058 NaN NaN 
49.44 2.6917007 NaN NaN 
49.48 2.748932 NaN NaN 
49.52 2.7536771 NaN NaN 
49.559998 2.7315445 NaN NaN 
49.6 2.6751387 NaN NaN 
49.64 2.596372 NaN NaN 
49.68 2.4828377 NaN NaN 
49.719997 2.3347304 NaN NaN 
49.76 2.1559033 NaN NaN 
49.8 1.9546397 NaN NaN 
49.84 1.7442786 NaN NaN 
49.879997 1.5352012 NaN NaN 
49.92 1.3348954 NaN NaN 
49.96 1.1505895 NaN NaN 
50.0 0.9822835 NaN NaN 
50.039997 0.82997733 NaN NaN 
50.079998 0.6936713 NaN NaN 
50.12 0.5733653 NaN NaN 
50.16 0.46905938 NaN NaN 
50.2 0.38075316 NaN NaN 
50.239998 0.30844712 NaN NaN 
50.28 0.25214118 NaN NaN 
50.32 0.21183504 NaN NaN 
50.36 0.18752897 NaN NaN 
50.399998 0.179223 NaN NaN 
50.44 0.18691704 NaN NaN 
50.48 0.21061091 NaN NaN 
50.52 0.25030467 NaN NaN 
50.559998 0.30599856 NaN NaN 
50.6 0.3776925 NaN NaN 
50.64 0.46538642 NaN NaN 
50.68 0.5690802 NaN NaN 
50.719997 0.68877393 NaN NaN 
50.76 0.82446784 NaN NaN 
50.8 0.9761618 NaN NaN 
50.84 1.1438557 NaN NaN 
50.879997 1.3275498 NaN NaN 
50.92 1.5272439 NaN NaN 
50.96 1.7069032 NaN NaN 
51.0 1.824159 NaN NaN 
51.039997 1.9104123 NaN NaN 
51.079998 1.9617354 NaN NaN 
51.12 1.9994037 NaN NaN 
51.16 1.9807495 NaN NaN 
51.199997 1.9517937 NaN NaN 
51.239998 1.8779652 NaN NaN 
51.28 1.7710829 NaN NaN 
51.32 1.6427691 NaN NaN 
51.36 1.5106953 NaN NaN 
51.399998 1.3892606 NaN NaN 
51.44 1.2807691 NaN NaN 
51.48 1.1882777 NaN NaN 
51.52 1.1117862 NaN NaN 
51.559998 1.0512949 NaN NaN 
51.6 1.0068035 NaN NaN 
51.64 0.9783123 NaN NaN 
51.68 0.9658208 NaN NaN 
51.719997 0.96932924 NaN NaN 
51.76 0.9888379 NaN NaN 
51.8 1.0243465 NaN NaN 
51.84 1.0758551 NaN NaN 
51.879997 1.1433636 NaN NaN 
51.92 1.2268721 NaN NaN 
51.96 1.3263807 NaN NaN 
52.0 1.4418894 NaN NaN 
52.039997 1.5733981 NaN NaN 
52.079998 1.7209067 NaN NaN 
52.12 1.8844154 NaN NaN 
52.16 2.063924 NaN NaN 
52.199997 2.2536032 NaN NaN 
52.239998 2.3418472 NaN NaN 
52.28 2.3962326 NaN NaN 
52.32 2.4146478 NaN NaN 
52.36 2.407662 NaN NaN 
52.399998 2.371912 NaN NaN 
52.44 2.321364 NaN NaN 
52.48 2.235844 NaN NaN 
52.52 2.1208584 NaN NaN 
52.559998 1.9839323 NaN NaN 
52.6 1.8370187 NaN NaN 
52.64 1.6939791 NaN NaN 
52.68 1.5613421 NaN NaN 
52.719997 1.4392178 NaN NaN 
52.76 1.3331093 NaN NaN 
52.8 1.2430001 NaN NaN 
52.84 1.1688917 NaN NaN 
52.879997 1.1107827 NaN NaN 
52.92 1.0686742 NaN NaN 
52.96 1.0425653 NaN NaN 
53.0 1.0324569 NaN NaN 
53.039997 1.038348 NaN NaN 
53.079998 1.0602394 NaN NaN 
53.12 1.0981307 NaN NaN 
53.16 1.152022 NaN NaN 
53.199997 1.2219135 NaN NaN 
53.239998 1.3078046 NaN NaN 
53.28 1.4096957 NaN NaN 
53.32 1.5275869 NaN NaN 
53.36 1.661478 NaN NaN 
53.399998 1.8113697 NaN NaN 
53.44 1.9772611 NaN NaN 
53.48 2.1531656 NaN NaN 
53.52 2.2618117 NaN NaN 
53.559998 2.3365474 NaN NaN 
53.6 2.3792653 NaN NaN 
53.64 2.385356 NaN NaN 
53.68 2.378718 NaN NaN 
53.719997 2.3406875 NaN NaN 
53.76 2.2640169 NaN NaN 
53.8 2.1485384 NaN NaN 
53.84 1.9996473 NaN NaN 
53.879997 1.8276204 NaN NaN 
53.92 1.6502522 NaN NaN 
53.96 1.4781544 NaN NaN 
54.0 1.3165798 NaN NaN 
54.039997 1.1697241 NaN NaN 
54.079998 1.0388682 NaN NaN 
54.12 0.92401254 NaN NaN 
54.16 0.8251567 NaN NaN 
54.199997 0.7423008 NaN NaN 
54.239998 0.6754451 NaN NaN 
54.28 0.6245893 NaN NaN 
54.32 0.5897337 NaN NaN 
54.36 0.57087797 NaN NaN 
54.399998 0.5680222 NaN NaN 
54.44 0.58116627 NaN NaN 
54.48 0.61031055 NaN NaN 
54.52 0.65545475 NaN NaN 
54.559998 0.71659905 NaN NaN 
54.6 0.79374313 NaN NaN 
54.64 0.88688713 NaN NaN 
54.68 0.9960314 NaN NaN 
54.719997 1.1211756 NaN NaN 
54.76 1.26232 NaN NaN 
54.8 1.419464 NaN NaN 
54.84 1.5926082 NaN NaN 
54.879997 1.7817523 NaN NaN 
54.92 1.9255595 NaN NaN 
54.96 2.0226183 NaN NaN 
55.0 2.0615606 NaN NaN 
55.039997 2.0409923 NaN NaN 
55.079998 1.9662844 NaN NaN 
55.12 1.8479956 NaN NaN 
55.16 1.7092057 NaN NaN 
55.199997 1.5547554 NaN NaN 
55.239998 1.3945912 NaN NaN 
55.28 1.2405735 NaN NaN 
55.32 1.1025555 NaN NaN 
55.36 0.98053783 NaN NaN 
55.399998 0.87451977 NaN NaN 
55.44 0.784502 NaN NaN 
55.48 0.7104843 NaN NaN 
55.52 0.6524665 NaN NaN 
55.559998 0.61044854 NaN NaN 
55.6 0.5844306 NaN NaN 
55.64 0.57441264 NaN NaN 
55.68 0.58039474 NaN NaN 
55.719997 0.60237694 NaN NaN 
55.76 0.64035887 NaN NaN 
55.8 0.694341 NaN NaN 
55.84 0.76432323 NaN NaN 
55.879997 0.8503053 NaN NaN 
55.92 0.9522874 NaN NaN 
55.96 1.0702691 NaN NaN 
56.0 1.2042514 NaN NaN 
56.039997 1.3542334 NaN NaN 
56.079998 1.5202155 NaN NaN 
56.12 1.7021974 NaN NaN 
56.16 1.9001796 NaN NaN 
56.199997 2.0587227 NaN NaN 
56.239998 2.1902726 NaN NaN 
56.28 2.3060951 NaN NaN 
56.32 2.3646545 NaN NaN 
56.36 2.413696 NaN NaN 
56.399998 2.4399292 NaN NaN 
56.44 2.4487689 NaN NaN 
56.48 2.4119818 NaN NaN 
56.52 2.3371572 NaN NaN 
56.559998 2.2343965 NaN NaN 
56.6 2.1142457 NaN NaN 
56.64 1.9893101 NaN NaN 
56.68 1.8787837 NaN NaN 
56.719997 1.7889951 NaN NaN 
56.76 1.7158817 NaN NaN 
56.8 1.658768 NaN NaN 
56.84 1.6176542 NaN NaN 
56.879997 1.5925407 NaN NaN 
56.92 1.5834272 NaN NaN 
56.96 1.5903134 NaN NaN 
57.0 1.6131997 NaN NaN 
57.039997 1.652086 NaN NaN 
57.079998 1.7069722 NaN NaN 
57.12 1.7778589 NaN NaN 
57.16 1.8647449 NaN NaN 
57.199997 1.9676312 NaN NaN 
57.239998 2.0865173 NaN NaN 
57.28 2.2214038 NaN NaN 
57.32 2.3722904 NaN NaN 
57.36 2.5391762 NaN NaN 
57.399998 2.7170825 NaN NaN 
57.44 2.8257837 NaN NaN 
57.48 2.89146 NaN NaN 
57.52 2.9318218 NaN NaN 
57.559998 2.9527655 NaN NaN 
57.6 2.9339395 NaN NaN 
57.64 2.8764203 NaN NaN 
57.68 2.7840154 NaN NaN 
57.719997 2.6646929 NaN NaN 
57.76 2.5285292 NaN NaN 
57.8 2.3904715 NaN NaN 
57.84 2.258743 NaN NaN 
57.879997 2.1355295 NaN NaN 
57.92 2.019115 NaN NaN 
57.96 1.9096427 NaN NaN 
58.0 1.8161699 NaN NaN 
58.039997 1.7386972 NaN NaN 
58.079998 1.6772245 NaN NaN 
58.12 1.6317519 NaN NaN 
58.16 1.6022794 NaN NaN 
58.199997 1.5888069 NaN NaN 
58.239998 1.5913342 NaN NaN 
58.28 1.6098613 NaN NaN 
58.32 1.6443888 NaN NaN 
58.359997 1.6949164 NaN NaN 
58.399998 1.7614434 NaN NaN 
58.44 1.8144649 NaN NaN 
58.48 1.8858919 NaN NaN 
58.52 1.9598398 NaN NaN 
58.559998 2.0497885 NaN NaN 
58.6 2.1557367 NaN NaN 
58.64 2.2776847 NaN NaN 
58.68 2.4156332 NaN NaN 
58.719997 2.5695815 NaN NaN 
58.76 2.7287297 NaN NaN 
58.8 2.8100111 NaN NaN 
58.84 2.8538678 NaN NaN 
58.879997 2.865216 NaN NaN 
58.92 2.8476343 NaN NaN 
58.96 2.8202176 NaN NaN 
59.0 2.751865 NaN NaN 
59.039997 2.642063 NaN NaN 
59.079998 2.4957488 NaN NaN 
59.12 2.321436 NaN NaN 
59.16 2.1333365 NaN NaN 
59.199997 1.9402868 NaN NaN 
59.239998 1.7485719 NaN NaN 
59.28 1.5633323 NaN NaN 
59.32 1.3837801 NaN NaN 
59.359997 1.2202278 NaN NaN 
59.399998 1.0720512 NaN NaN 
59.44 0.9398745 NaN NaN 
59.48 0.8236977 NaN NaN 
59.52 0.72352105 NaN NaN 
59.559998 0.63934445 NaN NaN 
59.6 0.57116765 NaN NaN 
59.64 0.51899093 NaN NaN 
59.68 0.4828143 NaN NaN 
59.719997 0.46263784 NaN NaN 
59.76 0.45846134 NaN NaN 
59.8 0.4702845 NaN NaN 
59.84 0.4981078 NaN NaN 
59.879997 0.5419313 NaN NaN 
59.92 0.60175467 NaN NaN 
59.96 0.67757803 NaN NaN 
60.0 0.76940113 NaN NaN 
60.039997 0.87722427 NaN NaN 
60.079998 1.0010477 NaN NaN 
60.12 1.1408712 NaN NaN 
60.16 1.2966943 NaN NaN 
60.199997 1.4685175 NaN NaN 
60.239998 1.6563408 NaN NaN 
60.28 1.860164 NaN NaN 
60.32 2.0232613 NaN NaN 
60.359997 2.1401834 NaN NaN 
60.399998 2.1975322 NaN NaN 
60.44 2.2030756 NaN NaN 
60.48 2.1632748 NaN NaN 
60.52 2.085828 NaN NaN 
60.559998 1.9727932 NaN NaN 
60.6 1.8271155 NaN NaN 
60.64 1.6615863 NaN NaN 
60.68 1.496067 NaN NaN 
60.719997 1.3479942 NaN NaN 
60.76 1.2159216 NaN NaN 
60.8 1.0998489 NaN NaN 
60.84 0.999776 NaN NaN 
60.879997 0.91570336 NaN NaN 
60.92 0.8476306 NaN NaN 
60.96 0.7955579 NaN NaN 
61.0 0.7594852 NaN NaN 
61.039997 0.73941255 NaN NaN 
61.079998 0.7353398 NaN NaN 
61.12 0.74726707 NaN NaN 
61.16 0.7751943 NaN NaN 
61.199997 0.8191215 NaN NaN 
61.239998 0.87904865 NaN NaN 
61.28 0.9549758 NaN NaN 
61.32 1.0469029 NaN NaN 
61.359997 1.1548301 NaN NaN 
61.399998 1.2787573 NaN NaN 
61.44 1.4186847 NaN NaN 
61.48 1.5746119 NaN NaN 
61.52 1.7465394 NaN NaN 
61.559998 1.9061259 NaN NaN 
61.6 2.0132303 NaN NaN 
61.64 2.0742147 NaN NaN 
61.68 2.0971704 NaN NaN 
61.719997 2.0844696 NaN NaN 
61.76 2.0358787 NaN NaN 
61.8 1.9431896 NaN NaN 
61.84 1.8076112 NaN NaN 
61.879997 1.6361626 NaN NaN 
61.92 1.4436519 NaN NaN 
61.96 1.2473092 NaN NaN 
62.0 1.0687817 NaN NaN 
62.039997 0.90661615 NaN NaN 
62.079998 0.76045 NaN NaN 
62.12 0.63028437 NaN NaN 
62.16 0.51611847 NaN NaN 
62.199997 0.4179527 NaN NaN 
62.239998 0.33578694 NaN NaN 
62.28 0.26962107 NaN NaN 
62.32 0.2194554 NaN NaN 
62.359997 0.1852896 NaN NaN 
62.399998 0.1671239 NaN NaN 
62.44 0.1649581 NaN NaN 
62.48 0.17879213 NaN NaN 
62.52 0.20862629 NaN NaN 
62.559998 0.25446028 NaN NaN 
62.6 0.31629446 NaN NaN 
62.64 0.39412874 NaN NaN 
62.68 0.48796272 NaN NaN 
62.719997 0.597797 NaN NaN 
62.76 0.72363114 NaN NaN 
62.8 0.86546516 NaN NaN 
62.84 1.0232993 NaN NaN 
62.879997 1.1971334 NaN NaN 
62.92 1.3869677 NaN NaN 
62.96 1.5928018 NaN NaN 
63.0 1.7601005 NaN NaN 
63.039997 1.8696566 NaN NaN 
63.079998 1.9319154 NaN NaN 
63.12 1.9314082 NaN NaN 
63.16 1.8773526 NaN NaN 
63.199997 1.7762387 NaN NaN 
63.239998 1.6455631 NaN NaN 
63.28 1.5006756 NaN NaN 
63.32 1.3470181 NaN NaN 
63.359997 1.1943094 NaN NaN 
63.399998 1.0576011 NaN NaN 
63.44 0.9368925 NaN NaN 
63.48 0.83218414 NaN NaN 
63.52 0.7434757 NaN NaN 
63.559998 0.67076725 NaN NaN 
63.6 0.6140586 NaN NaN 
63.64 0.5733501 NaN NaN 
63.68 0.5486418 NaN NaN 
63.719997 0.5399334 NaN NaN 
63.76 0.5472248 NaN NaN 
63.8 0.57051617 NaN NaN 
63.84 0.6098078 NaN NaN 
63.879997 0.6650991 NaN NaN 
63.92 0.7363907 NaN NaN 
63.96 0.8236823 NaN NaN 
64.0 0.9269737 NaN NaN 
64.04 1.0462651 NaN NaN 
64.08 1.1815568 NaN NaN 
64.119995 1.3328485 NaN NaN 
64.159996 1.50014 NaN NaN 
64.2 1.6834314 NaN NaN 
64.24 1.8827227 NaN NaN 
64.28 2.098014 NaN NaN 
64.32 2.2719808 NaN NaN 
64.36 2.3710427 NaN NaN 
64.4 2.4285445 NaN NaN 
64.439995 2.443062 NaN NaN 
64.479996 2.4389598 NaN NaN 
64.52 2.4014552 NaN NaN 
64.56 2.3198903 NaN NaN 
64.6 2.1913812 NaN NaN 
64.64 2.0202818 NaN NaN 
64.68 1.8175439 NaN NaN 
64.72 1.6011167 NaN NaN 
64.76 1.3864844 NaN NaN 
64.799995 1.1819636 NaN NaN 
64.84 0.98741126 NaN NaN 
64.88 0.80885917 NaN NaN 
64.92 0.6463068 NaN NaN 
64.96 0.49975452 NaN NaN 
65.0 0.36920214 NaN NaN 
65.04 0.25465018 NaN NaN 
65.08 0.15609787 NaN NaN 
65.119995 0.0735456 NaN NaN 
65.159996 0.0069933236 NaN NaN 
65.2 -0.043559045 NaN NaN 
65.24 -0.078111276 NaN NaN 
65.28 -0.09666353 NaN NaN 
65.32 -0.09921591 NaN NaN 
65.36 -0.08576823 NaN NaN 
65.4 -0.056320347 NaN NaN 
65.439995 -0.010872786 NaN NaN 
65.479996 0.050574943 NaN NaN 
65.52 0.12802273 NaN NaN 
65.56 0.22147062 NaN NaN 
65.6 0.33091822 NaN NaN 
65.64 0.456366 NaN NaN 
65.68 0.5978136 NaN NaN 
65.72 0.75526124 NaN NaN 
65.76 0.92870885 NaN NaN 
65.799995 1.1181566 NaN NaN 
65.84 1.3236043 NaN NaN 
65.88 1.5450524 NaN NaN 
65.92 1.7263273 NaN NaN 
65.96 1.8437902 NaN NaN 
66.0 1.8908265 NaN NaN 
66.04 1.879188 NaN NaN 
66.08 1.8204296 NaN NaN 
66.119995 1.7277656 NaN NaN 
66.159996 1.6103277 NaN NaN 
66.2 1.4781963 NaN NaN 
66.24 1.340855 NaN NaN 
66.28 1.2200698 NaN NaN 
66.32 1.1152848 NaN NaN 
66.36 1.0264995 NaN NaN 
66.4 0.93301886 NaN NaN 
66.439995 0.8486549 NaN NaN 
66.479996 0.7802911 NaN NaN 
66.52 0.72792685 NaN NaN 
66.56 0.6915625 NaN NaN 
66.6 0.6711985 NaN NaN 
66.64 0.6668344 NaN NaN 
66.68 0.6784703 NaN NaN 
66.72 0.7061062 NaN NaN 
66.76 0.7497421 NaN NaN 
66.799995 0.80937773 NaN NaN 
66.84 0.8850135 NaN NaN 
66.88 0.9766493 NaN NaN 
66.92 1.0842853 NaN NaN 
66.96 1.207921 NaN NaN 
67.0 1.3475568 NaN NaN 
67.04 1.5031925 NaN NaN 
67.08 1.6638792 NaN NaN 
67.119995 1.7503625 NaN NaN 
67.159996 1.7998799 NaN NaN 
67.2 1.7971442 NaN NaN 
67.24 1.7476993 NaN NaN 
67.28 1.6691809 NaN NaN 
67.32 1.5735359 NaN NaN 
67.36 1.4584684 NaN NaN 
67.4 1.3169568 NaN NaN 
67.439995 1.1520655 NaN NaN 
67.479996 0.97652245 NaN NaN 
67.52 0.8003641 NaN NaN 
67.56 0.63874125 NaN NaN 
67.6 0.48871684 NaN NaN 
67.64 0.35469234 NaN NaN 
67.68 0.2366678 NaN NaN 
67.72 0.1346433 NaN NaN 
67.76 0.048618797 NaN NaN 
67.799995 -0.021405546 NaN NaN 
67.84 -0.07543006 NaN NaN 
67.88 -0.1134547 NaN NaN 
67.92 -0.13547917 NaN NaN 
67.96 -0.1415036 NaN NaN 
68.0 -0.13152802 NaN NaN 
68.04 -0.10555234 NaN NaN 
68.08 -0.063576594 NaN NaN 
68.119995 -0.005601093 NaN NaN 
68.159996 0.06837444 NaN NaN 
68.2 0.15834986 NaN NaN 
68.24 0.26432535 NaN NaN 
68.28 0.38630086 NaN NaN 
68.32 0.52427644 NaN NaN 
68.36 0.6782521 NaN NaN 
68.4 0.8482277 NaN NaN 
68.439995 1.0342032 NaN NaN 
68.479996 1.2361785 NaN NaN 
68.52 1.454154 NaN NaN 
68.56 1.6881297 NaN NaN 
68.6 1.8656229 NaN NaN 
68.64 1.9807922 NaN NaN 
68.68 2.0144675 NaN NaN 
68.72 1.9727117 NaN NaN 
68.76 1.8702259 NaN NaN 
68.799995 1.722496 NaN NaN 
68.84 1.5467345 NaN NaN 
68.88 1.3582419 NaN NaN 
68.92 1.165366 NaN NaN 
68.96 0.98849046 NaN NaN 
69.0 0.8276148 NaN NaN 
69.04 0.67391163 NaN NaN 
69.08 0.53620845 NaN NaN 
69.119995 0.40382785 NaN NaN 
69.159996 0.28744704 NaN NaN 
69.2 0.18706615 NaN NaN 
69.24 0.10268537 NaN NaN 
69.28 0.034304403 NaN NaN 
69.32 -0.018076494 NaN NaN 
69.36 -0.054457456 NaN NaN 
69.4 -0.07483826 NaN NaN 
69.439995 -0.07921925 NaN NaN 
69.479996 -0.0676002 NaN NaN 
69.52 -0.039981045 NaN NaN 
69.56 0.0036378992 NaN NaN 
69.6 0.06325693 NaN NaN 
69.64 0.1388762 NaN NaN 
69.68 0.23049533 NaN NaN 
69.72 0.33811417 NaN NaN 
69.76 0.46173343 NaN NaN 
69.799995 0.6013524 NaN NaN 
69.84 0.7569714 NaN NaN 
69.88 0.9285904 NaN NaN 
69.92 1.1162096 NaN NaN 
69.96 1.270798 NaN NaN 
70.0 1.399037 NaN NaN 
70.04 1.5145997 NaN NaN 
70.08 1.5359309 NaN NaN 
70.119995 1.5421816 NaN NaN 
70.159996 1.5183381 NaN NaN 
70.2 1.4878687 NaN NaN 
70.24 1.4239739 NaN NaN 
70.28 1.3282914 NaN NaN 
70.32 1.2040528 NaN NaN 
70.36 1.0578033 NaN NaN 
70.4 0.90167636 NaN NaN 
70.439995 0.74923855 NaN NaN 
70.479996 0.6137514 NaN NaN 
70.52 0.48933205 NaN NaN 
70.56 0.38091287 NaN NaN 
70.6 0.28849354 NaN NaN 
70.64 0.2120743 NaN NaN 
70.68 0.15165511 NaN NaN 
70.72 0.107235774 NaN NaN 
70.76 0.07881609 NaN NaN 
70.799995 0.066396974 NaN NaN 
70.84 0.06997741 NaN NaN 
70.88 0.08955815 NaN NaN 
70.92 0.12513891 NaN NaN 
70.96 0.17671953 NaN NaN 
71.0 0.24430019 NaN NaN 
71.04 0.32788092 NaN NaN 
71.08 0.42746177 NaN NaN 
71.119995 0.5430424 NaN NaN 
71.159996 0.67462295 NaN NaN 
71.2 0.8222038 NaN NaN 
71.24 0.98578477 NaN NaN 
71.28 1.1653653 NaN NaN 
71.32 1.3609458 NaN NaN 
71.36 1.5725265 NaN NaN 
71.4 1.7250749 NaN NaN 
71.439995 1.8377681 NaN NaN 
71.479996 1.8873211 NaN NaN 
71.52 1.8772904 NaN NaN 
71.56 1.818227 NaN NaN 
71.6 1.725337 NaN NaN 
71.64 1.6066949 NaN NaN 
71.68 1.4682083 NaN NaN 
71.72 1.3203713 NaN NaN 
71.76 1.1744679 NaN NaN 
71.799995 1.044565 NaN NaN 
71.84 0.93066204 NaN NaN 
71.88 0.8327587 NaN NaN 
71.92 0.7508557 NaN NaN 
71.96 0.66781574 NaN NaN 
72.0 0.60077554 NaN NaN 
72.04 0.5497352 NaN NaN 
72.08 0.5146951 NaN NaN 
72.119995 0.49565503 NaN NaN 
72.159996 0.4926147 NaN NaN 
72.2 0.5055745 NaN NaN 
72.24 0.5345346 NaN NaN 
72.28 0.5794943 NaN NaN 
72.32 0.64045423 NaN NaN 
72.36 0.71741384 NaN NaN 
72.4 0.81037384 NaN NaN 
72.439995 0.9193337 NaN NaN 
72.479996 1.0442933 NaN NaN 
72.52 1.1852529 NaN NaN 
72.56 1.3422126 NaN NaN 
72.6 1.5151726 NaN NaN 
72.64 1.7041323 NaN NaN 
72.68 1.8834107 NaN NaN 
72.72 1.9757099 NaN NaN 
72.76 2.0710657 NaN NaN 
72.799995 2.0661674 NaN NaN 
72.84 2.0848715 NaN NaN 
72.88 2.051556 NaN NaN 
72.92 2.0020504 NaN NaN 
72.96 1.9314092 NaN NaN 
73.0 1.8436961 NaN NaN 
73.04 1.7182434 NaN NaN 
73.08 1.5663195 NaN NaN 
73.119995 1.3973904 NaN NaN 
73.159996 1.22518 NaN NaN 
73.2 1.0604303 NaN NaN 
73.24 0.91283524 NaN NaN 
73.28 0.78124017 NaN NaN 
73.32 0.6656448 NaN NaN 
73.36 0.5660496 NaN NaN 
73.4 0.4824547 NaN NaN 
73.439995 0.4148595 NaN NaN 
73.479996 0.36326438 NaN NaN 
73.52 0.32766917 NaN NaN 
73.56 0.3080741 NaN NaN 
73.6 0.3044789 NaN NaN 
73.64 0.31688374 NaN NaN 
73.68 0.3452886 NaN NaN 
73.72 0.38969356 NaN NaN 
73.76 0.45009834 NaN NaN 
73.799995 0.52650315 NaN NaN 
73.84 0.61890787 NaN NaN 
73.88 0.72731286 NaN NaN 
73.92 0.85171765 NaN NaN 
73.96 0.9921225 NaN NaN 
74.0 1.1485273 NaN NaN 
74.04 1.3209325 NaN NaN 
74.08 1.4587394 NaN NaN 
74.119995 1.6071304 NaN NaN 
74.159996 1.7169828 NaN NaN 
74.2 1.7991115 NaN NaN 
74.24 1.8446921 NaN NaN 
74.28 1.8547089 NaN NaN 
74.32 1.8399466 NaN NaN 
74.36 1.8167117 NaN NaN 
74.4 1.7892109 NaN NaN 
74.439995 1.7671254 NaN NaN 
74.479996 1.7597275 NaN NaN 
74.52 1.7703091 NaN NaN 
74.56 1.795918 NaN NaN 
74.6 1.8311625 NaN NaN 
74.64 1.8824066 NaN NaN 
74.68 1.9496508 NaN NaN 
74.72 2.024075 NaN NaN 
74.76 2.1144993 NaN NaN 
74.799995 2.1979692 NaN NaN 
74.84 2.2982976 NaN NaN 
74.88 2.4146261 NaN NaN 
74.92 2.5469549 NaN NaN 
74.96 2.6952834 NaN NaN 
75.0 2.8596115 NaN NaN 
75.04 3.0399404 NaN NaN 
75.08 3.2220945 NaN NaN 
75.119995 3.407155 NaN NaN 
75.159996 3.4828093 NaN NaN 
75.2 3.526098 NaN NaN 
75.24 3.5430505 NaN NaN 
75.28 3.537704 NaN NaN 
75.32 3.481418 NaN NaN 
75.36 3.383706 NaN NaN 
75.4 3.2551131 NaN NaN 
75.439995 3.1032732 NaN NaN 
75.479996 2.9378295 NaN NaN 
75.52 2.766716 NaN NaN 
75.56 2.5935593 NaN NaN 
75.6 2.4273198 NaN NaN 
75.64 2.2682397 NaN NaN 
75.68 2.1185288 NaN NaN 
75.72 1.9848182 NaN NaN 
75.759995 1.8666679 NaN NaN 
75.799995 1.7645173 NaN NaN 
75.84 1.6783668 NaN NaN 
75.88 1.6082162 NaN NaN 
75.92 1.5540657 NaN NaN 
75.96 1.5159152 NaN NaN 
76.0 1.4937644 NaN NaN 
76.04 1.4876142 NaN NaN 
76.08 1.4974636 NaN NaN 
76.119995 1.5233128 NaN NaN 
76.159996 1.5651624 NaN NaN 
76.2 1.6230118 NaN NaN 
76.24 1.6968616 NaN NaN 
76.28 1.7867113 NaN NaN 
76.32 1.8925608 NaN NaN 
76.36 2.0144103 NaN NaN 
76.4 2.1522593 NaN NaN 
76.439995 2.3061092 NaN NaN 
76.479996 2.4694464 NaN NaN 
76.52 2.5899482 NaN NaN 
76.56 2.678364 NaN NaN 
76.6 2.7019436 NaN NaN 
76.64 2.6871495 NaN NaN 
76.68 2.6339588 NaN NaN 
76.72 2.5466962 NaN NaN 
76.759995 2.4371068 NaN NaN 
76.799995 2.2935412 NaN NaN 
76.84 2.1298335 NaN NaN 
76.88 1.9611564 NaN NaN 
76.92 1.7985531 NaN NaN 
76.96 1.6519499 NaN NaN 
77.0 1.5213468 NaN NaN 
77.04 1.4067433 NaN NaN 
77.08 1.3081397 NaN NaN 
77.119995 1.2255365 NaN NaN 
77.159996 1.1589329 NaN NaN 
77.2 1.1083299 NaN NaN 
77.24 1.0737265 NaN NaN 
77.28 1.0551231 NaN NaN 
77.32 1.0525198 NaN NaN 
77.36 1.0659164 NaN NaN 
77.4 1.0953135 NaN NaN 
77.439995 1.1407099 NaN NaN 
77.479996 1.2021065 NaN NaN 
77.52 1.2795032 NaN NaN 
77.56 1.3729 NaN NaN 
77.6 1.4822965 NaN NaN 
77.64 1.6076932 NaN NaN 
77.68 1.74909 NaN NaN 
77.72 1.9064865 NaN NaN 
77.759995 2.0798833 NaN NaN 
77.799995 2.2599447 NaN NaN 
77.84 2.3691788 NaN NaN 
77.88 2.4377568 NaN NaN 
77.92 2.4776368 NaN NaN 
77.96 2.4873977 NaN NaN 
78.0 2.4860601 NaN NaN 
78.04 2.463644 NaN NaN 
78.08 2.4116158 NaN NaN 
78.119995 2.3321638 NaN NaN 
78.159996 2.2276704 NaN NaN 
78.2 2.103818 NaN NaN 
78.24 1.9690955 NaN NaN 
78.28 1.8293538 NaN NaN 
78.32 1.6899548 NaN NaN 
78.36 1.5621841 NaN NaN 
78.4 1.4473661 NaN NaN 
78.439995 1.3485482 NaN NaN 
78.479996 1.2657301 NaN NaN 
78.52 1.1989121 NaN NaN 
78.56 1.1480939 NaN NaN 
78.6 1.1132759 NaN NaN 
78.64 1.0944579 NaN NaN 
78.68 1.0916398 NaN NaN 
78.72 1.1048218 NaN NaN 
78.759995 1.1340036 NaN NaN 
78.799995 1.1791855 NaN NaN 
78.84 1.2403675 NaN NaN 
78.88 1.3175492 NaN NaN 
78.92 1.410731 NaN NaN 
78.96 1.5199131 NaN NaN 
79.0 1.6450949 NaN NaN 
79.04 1.7862766 NaN NaN 
79.08 1.9434586 NaN NaN 
79.119995 2.1166406 NaN NaN 
79.159996 2.3058226 NaN NaN 
79.2 2.5110047 NaN NaN 
79.24 2.718154 NaN NaN 
79.28 2.8694935 NaN NaN 
79.32 3.0014906 NaN NaN 
79.36 3.0708835 NaN NaN 
79.4 3.1043406 NaN NaN 
79.439995 3.0795248 NaN NaN 
79.479996 3.0230854 NaN NaN 
79.52 2.9419796 NaN NaN 
79.56 2.8219852 NaN NaN 
79.6 2.669368 NaN NaN 
79.64 2.491286 NaN NaN 
79.68 2.2881677 NaN NaN 
79.72 2.0689845 NaN NaN 
79.759995 1.8344941 NaN NaN 
79.799995 1.5986153 NaN NaN 
79.84 1.3692278 NaN NaN 
79.88 1.1558398 NaN NaN 
79.92 0.9584518 NaN NaN 
79.96 0.77706385 NaN NaN 
80.0 0.611676 NaN NaN 
80.04 0.46228793 NaN NaN 
80.08 0.3289001 NaN NaN 
80.119995 0.21151212 NaN NaN 
80.159996 0.11012425 NaN NaN 
80.2 0.02473629 NaN NaN 
80.24 -0.044651285 NaN NaN 
80.28 -0.098039255 NaN NaN 
80.32 -0.13542698 NaN NaN 
80.36 -0.15681483 NaN NaN 
80.4 -0.16220264 NaN NaN 
80.439995 -0.1515905 NaN NaN 
80.479996 -0.12497827 NaN NaN 
80.52 -0.08236615 NaN NaN 
80.56 -0.02375402 NaN NaN 
80.6 0.05085818 NaN NaN 
80.64 0.14147057 NaN NaN 
80.68 0.24808237 NaN NaN 
80.72 0.37069428 NaN NaN 
80.759995 0.5093066 NaN NaN 
80.799995 0.6639187 NaN NaN 
80.84 0.8345308 NaN NaN 
80.88 1.0211432 NaN NaN 
80.92 1.2198994 NaN NaN 
80.96 1.3789833 NaN NaN 
81.0 1.5421557 NaN NaN 
81.04 1.7170417 NaN NaN 
81.08 1.9079278 NaN NaN 
81.119995 2.1148138 NaN NaN 
