0.04 1.7019261 1.7019261 1.7019261 
0.08 1.7204969 1.7204969 1.7204969 
0.12 1.7553643 1.7553643 1.7553643 
0.16 1.8034862 1.8034862 1.8034862 
0.19999999 1.8642765 1.8642765 1.8642765 
0.24 1.9324012 1.9324012 1.9324012 
0.28 1.9904646 1.9904646 1.9904646 
0.32 2.0505955 2.0505955 2.0505955 
0.35999998 2.1302898 2.1302898 2.1302898 
0.39999998 2.226028 2.226028 2.226028 
0.44 2.3193243 2.3193243 2.3193243 
0.48 2.4050884 2.4050884 2.4050884 
0.52 2.482143 2.482143 2.482143 
0.56 2.5495439 2.5495439 2.5495439 
0.59999996 2.582638 2.582638 2.582638 
0.64 2.6022632 2.6022632 2.6022632 
0.68 2.5783217 2.5783217 2.5783217 
0.71999997 2.548251 2.548251 2.548251 
0.76 2.4936147 2.4936147 2.4936147 
0.79999995 2.418463 2.418463 2.418463 
0.84 2.326289 2.326289 2.326289 
0.88 2.2224236 2.2224236 2.2224236 
0.91999996 2.1170647 2.1170647 2.1170647 
0.96 2.0203118 2.0203118 2.0203118 
1.0 1.9386952 1.9386952 1.9386952 
1.04 1.8732235 1.8732235 1.8732235 
1.0799999 1.823753 1.823753 1.823753 
1.12 1.7902817 1.7902817 1.7902817 
1.16 1.7484396 1.7484396 1.7484396 
1.1999999 1.7146693 1.7146693 1.7146693 
1.24 1.6942244 1.6942244 1.6942244 
1.28 1.6465995 1.6465995 1.6465995 
1.3199999 1.6149749 1.6149749 1.6149749 
1.36 1.5993501 1.5993501 1.5993501 
1.4 1.5997255 1.5997255 1.5997255 
1.4399999 1.6161005 1.6161005 1.6161005 
1.48 1.6484758 1.6484758 1.6484758 
1.52 1.6968513 1.6968513 1.6968513 
1.56 1.7612263 1.7612263 1.7612263 
1.5999999 1.8416017 1.8416017 1.8416017 
1.64 1.9379772 1.9379772 1.9379772 
1.68 2.0503519 2.0503519 2.0503519 
1.7199999 2.1787274 2.1787274 2.1787274 
1.76 2.3231025 2.3231025 2.3231025 
1.8 2.4834774 2.4834774 2.4834774 
1.8399999 2.659853 2.659853 2.659853 
1.88 2.852228 2.852228 2.852228 
1.92 3.0495574 3.0495574 3.0495574 
1.9599999 3.2648082 3.2648082 3.2648082 
2.0 3.4880445 3.4880445 3.4880445 
2.04 3.7020745 3.7020745 3.7020745 
2.08 3.9148176 3.9148176 3.9148176 
2.12 4.095493 4.095493 4.095493 
2.1599998 4.265722 4.265722 4.265722 
2.2 4.411667 4.411667 4.411667 
2.24 4.532397 4.532397 4.532397 
2.28 4.621948 4.621948 4.621948 
2.32 4.6888576 4.6888576 4.6888576 
2.36 4.7085886 4.7085886 4.7085886 
2.3999999 4.7052374 4.7052374 4.7052374 
2.44 4.6575537 4.6575537 4.6575537 
2.48 4.586894 4.586894 4.586894 
2.52 4.49546 4.49546 4.49546 
2.56 4.382371 4.382371 4.382371 
2.6 4.244165 4.244165 4.244165 
2.6399999 4.0437 4.0437 4.0437 
2.6799998 3.8677015 3.8677015 3.8677015 
2.72 3.703419 3.703419 3.703419 
2.76 3.525001 3.525001 3.525001 
2.8 3.3407586 3.3407586 3.3407586 
2.84 3.1540334 3.1540334 3.1540334 
2.8799999 2.965558 2.965558 2.965558 
2.9199998 2.7756982 2.7756982 2.7756982 
2.96 2.5847645 2.5847645 2.5847645 
3.0 2.3929055 2.3929055 2.3929055 
3.04 2.2003057 2.2003057 2.2003057 
3.08 2.0082152 2.0082152 2.0082152 
3.12 1.8205595 1.8205595 1.8205595 
3.1599998 1.6404775 1.6404775 1.6404775 
3.1999998 1.4713752 1.4713752 1.4713752 
3.24 1.3166146 1.3166146 1.3166146 
3.28 1.1779438 1.1779438 1.1779438 
3.32 1.0543635 1.0543635 1.0543635 
3.36 0.94565713 0.94565713 0.94565713 
3.3999999 0.848913 0.848913 0.848913 
3.4399998 0.76014376 0.76014376 0.76014376 
3.48 0.67796135 0.67796135 0.67796135 
3.52 0.6023642 0.6023642 0.6023642 
3.56 0.542767 0.542767 0.542767 
3.6 0.47550383 0.47550383 0.47550383 
3.6399999 0.41455728 0.41455728 0.41455728 
3.6799998 0.35969108 0.35969108 0.35969108 
3.72 0.32082492 0.32082492 0.32082492 
3.76 0.29795864 0.29795864 0.29795864 
3.8 0.2910922 0.2910922 0.2910922 
3.84 0.3002261 0.3002261 0.3002261 
3.8799999 0.32535973 0.32535973 0.32535973 
3.9199998 0.36649337 0.36649337 0.36649337 
3.9599998 0.42362717 0.42362717 0.42362717 
4.0 0.4872547 0.4872547 0.4872547 
4.04 0.5592065 0.5592065 0.5592065 
4.08 0.6364553 0.6364553 0.6364553 
4.12 0.71895975 0.71895975 0.71895975 
4.16 0.8057449 0.8057449 0.8057449 
4.2 0.8958919 0.8958919 0.8958919 
4.24 0.9887357 0.9887357 0.9887357 
4.2799997 1.084083 1.084083 1.084083 
4.3199997 1.182267 1.182267 1.182267 
4.36 1.2836993 1.2836993 1.2836993 
4.4 1.3897092 1.3897092 1.3897092 
4.44 1.5078772 1.5078772 1.5078772 
4.48 1.6334352 1.6334352 1.6334352 
4.52 1.7702628 1.7702628 1.7702628 
4.56 1.9197514 1.9197514 1.9197514 
4.6 2.0821629 2.0821629 2.0821629 
4.64 2.2575362 2.2575362 2.2575362 
4.68 2.445787 2.445787 2.445787 
4.72 2.6486104 2.6486104 2.6486104 
4.7599998 2.8650775 2.8650775 2.8650775 
4.7999997 2.9831982 2.9831982 2.9831982 
4.8399997 3.128466 3.128466 3.128466 
4.88 3.2897334 3.2897334 3.2897334 
4.92 3.341643 3.341643 3.341643 
4.96 3.3956647 3.3956647 3.3956647 
5.0 3.3924043 3.3924043 3.3924043 
5.04 3.3396184 3.3396184 3.3396184 
5.08 3.2507439 3.2507439 3.2507439 
5.12 3.135213 3.135213 3.135213 
5.16 3.0027525 3.0027525 3.0027525 
5.2 2.856566 2.856566 2.856566 
5.24 2.6946633 2.6946633 2.6946633 
5.2799997 2.5167897 2.5167897 2.5167897 
5.3199997 2.3255224 2.3255224 2.3255224 
5.3599997 2.125234 2.125234 2.125234 
5.4 1.9384899 1.9384899 1.9384899 
5.44 1.7677459 1.7677459 1.7677459 
5.48 1.6130018 1.6130018 1.6130018 
5.52 1.4742577 1.4742577 1.4742577 
5.56 1.3515136 1.3515136 1.3515136 
5.6 1.2447699 1.2447699 1.2447699 
5.64 1.1540258 1.1540258 1.1540258 
5.68 1.0792817 1.0792817 1.0792817 
5.72 1.0205377 1.0205377 1.0205377 
5.7599998 0.97779393 0.97779393 0.97779393 
5.7999997 0.95105004 0.95105004 0.95105004 
5.8399997 0.9403062 0.9403062 0.9403062 
5.8799996 0.94556195 0.94556195 0.94556195 
5.92 0.9668179 0.9668179 0.9668179 
5.96 1.0040741 1.0040741 1.0040741 
6.0 1.0573301 1.0573301 1.0573301 
6.04 1.1265862 1.1265862 1.1265862 
6.08 1.2118421 1.2118421 1.2118421 
6.12 1.3130982 1.3130982 1.3130982 
6.16 1.4303542 1.4303542 1.4303542 
6.2 1.5636102 1.5636102 1.5636102 
6.24 1.7128661 1.7128661 1.7128661 
6.2799997 1.8673383 1.8673383 1.8673383 
6.3199997 2.0326111 2.0326111 2.0326111 
6.3599997 2.1949842 2.1949842 2.1949842 
6.3999996 2.2835128 2.2835128 2.2835128 
6.44 2.323721 2.323721 2.323721 
6.48 2.3166392 2.3166392 2.3166392 
6.52 2.2658882 2.2658882 2.2658882 
6.56 2.1765172 2.1765172 2.1765172 
6.6 2.0559177 2.0559177 2.0559177 
6.64 1.9358283 1.9358283 1.9358283 
6.68 1.8183113 1.8183113 1.8183113 
6.72 1.6934941 1.6934941 1.6934941 
6.7599998 1.570146 1.570146 1.570146 
6.7999997 1.45768 1.45768 1.45768 
6.8399997 1.3635385 1.3635385 1.3635385 
6.8799996 1.2866112 1.2866112 1.2866112 
6.92 1.2256842 1.2256842 1.2256842 
6.96 1.1807569 1.1807569 1.1807569 
7.0 1.1518297 1.1518297 1.1518297 
7.04 1.1389023 1.1389023 1.1389023 
7.08 1.1419752 1.1419752 1.1419752 
7.12 1.1610479 1.1610479 1.1610479 
7.16 1.1841686 1.1841686 1.1841686 
7.2 1.2232968 1.2232968 1.2232968 
7.24 1.2784247 1.2784247 1.2784247 
7.2799997 1.3454039 1.3454039 1.3454039 
7.3199997 1.4257662 1.4257662 1.4257662 
7.3599997 1.5178208 1.5178208 1.5178208 
7.3999996 1.6258962 1.6258962 1.6258962 
7.44 1.7499713 1.7499713 1.7499713 
7.48 1.8900466 1.8900466 1.8900466 
7.52 2.0461218 2.0461218 2.0461218 
7.56 2.218197 2.218197 2.218197 
7.6 2.4009678 2.4009678 2.4009678 
7.64 2.500494 2.500494 2.500494 
7.68 2.5441897 2.5441897 2.5441897 
7.72 2.5537572 2.5537572 2.5537572 
7.7599998 2.5295668 2.5295668 2.5295668 
7.7999997 2.4899106 2.4899106 2.4899106 
7.8399997 2.4010327 2.4010327 2.4010327 
7.8799996 2.2743695 2.2743695 2.2743695 
7.9199996 2.1200228 2.1200228 2.1200228 
7.96 1.9486765 1.9486765 1.9486765 
8.0 1.7463311 1.7463311 1.7463311 
8.04 1.5278679 1.5278679 1.5278679 
8.08 1.3050174 1.3050174 1.3050174 
8.12 1.0994823 1.0994823 1.0994823 
8.16 0.9103615 0.9103615 0.9103615 
8.2 0.73724085 0.73724085 0.73724085 
8.24 0.58012027 0.58012027 0.58012027 
8.28 0.43899938 0.43899938 0.43899938 
8.32 0.31387857 0.31387857 0.31387857 
8.36 0.2047576 0.2047576 0.2047576 
8.4 0.11163688 0.11163688 0.11163688 
8.44 0.034516122 0.034516122 0.034516122 
8.48 -0.026604693 -0.026604693 -0.026604693 
8.5199995 -0.07172551 -0.07172551 -0.07172551 
8.559999 -0.10084635 -0.10084635 -0.10084635 
8.599999 -0.11396702 -0.11396702 -0.11396702 
8.639999 -0.11108789 -0.11108789 -0.11108789 
8.679999 -0.09220861 -0.09220861 -0.09220861 
8.72 -0.057329483 -0.057329483 -0.057329483 
8.76 -0.0064505907 -0.0064505907 -0.0064505907 
8.8 0.06042878 0.06042878 0.06042878 
8.84 0.14330795 0.14330795 0.14330795 
8.88 0.2421871 0.2421871 0.2421871 
8.92 0.3570662 0.3570662 0.3570662 
8.96 0.48794565 0.48794565 0.48794565 
9.0 0.63482493 0.63482493 0.63482493 
9.04 0.79770416 0.79770416 0.79770416 
9.08 0.97658336 0.97658336 0.97658336 
9.12 1.1714627 1.1714627 1.1714627 
9.16 1.3823416 1.3823416 1.3823416 
9.2 1.6092207 1.6092207 1.6092207 
9.24 1.8284858 1.8284858 1.8284858 
9.28 1.9813069 1.9813069 1.9813069 
9.32 2.0757117 2.0757117 2.0757117 
9.36 2.1090577 2.1090577 2.1090577 
9.4 2.0921545 2.0921545 2.0921545 
9.44 2.0337875 2.0337875 2.0337875 
9.48 1.9685543 1.9685543 1.9685543 
9.5199995 1.8735695 1.8735695 1.8735695 
9.559999 1.7667254 1.7667254 1.7667254 
9.599999 1.6573669 1.6573669 1.6573669 
9.639999 1.5417516 1.5417516 1.5417516 
9.679999 1.4305259 1.4305259 1.4305259 
9.719999 1.3300713 1.3300713 1.3300713 
9.76 1.2456167 1.2456167 1.2456167 
9.8 1.177162 1.177162 1.177162 
9.84 1.1049571 1.1049571 1.1049571 
9.88 1.0455517 1.0455517 1.0455517 
9.92 1.002146 1.002146 1.002146 
9.96 0.9747404 0.9747404 0.9747404 
10.0 0.96333486 0.96333486 0.96333486 
10.04 0.9679294 0.9679294 0.9679294 
10.08 0.9885238 0.9885238 0.9885238 
10.12 1.0194504 1.0194504 1.0194504 
10.16 1.0663772 1.0663772 1.0663772 
10.2 1.1293038 1.1293038 1.1293038 
10.24 1.2082307 1.2082307 1.2082307 
10.28 1.3031573 1.3031573 1.3031573 
10.32 1.4140837 1.4140837 1.4140837 
10.36 1.5410104 1.5410104 1.5410104 
10.4 1.683937 1.683937 1.683937 
10.44 1.8428637 1.8428637 1.8428637 
10.48 2.0177906 2.0177906 2.0177906 
10.5199995 2.1698174 2.1698174 2.1698174 
10.559999 2.3075552 2.3075552 2.3075552 
10.599999 2.380248 2.380248 2.380248 
10.639999 2.4157414 2.4157414 2.4157414 
10.679999 2.4135735 2.4135735 2.4135735 
10.719999 2.3758173 2.3758173 2.3758173 
10.76 2.290648 2.290648 2.290648 
10.8 2.1739452 2.1739452 2.1739452 
10.84 2.002833 2.002833 2.002833 
10.88 1.7903656 1.7903656 1.7903656 
10.92 1.5517343 1.5517343 1.5517343 
10.96 1.3064933 1.3064933 1.3064933 
11.0 1.0798359 1.0798359 1.0798359 
11.04 0.8691788 0.8691788 0.8691788 
11.08 0.6745212 0.6745212 0.6745212 
11.12 0.49586394 0.49586394 0.49586394 
11.16 0.3332065 0.3332065 0.3332065 
11.2 0.186549 0.186549 0.186549 
11.24 0.05589159 0.05589159 0.05589159 
11.28 -0.05876589 -0.05876589 -0.05876589 
11.32 -0.15742326 -0.15742326 -0.15742326 
11.36 -0.24008065 -0.24008065 -0.24008065 
11.4 -0.30673826 -0.30673826 -0.30673826 
11.44 -0.35739577 -0.35739577 -0.35739577 
11.48 -0.39205313 -0.39205313 -0.39205313 
11.5199995 -0.41071057 -0.41071057 -0.41071057 
11.559999 -0.41336805 -0.41336805 -0.41336805 
11.599999 -0.40002552 -0.40002552 -0.40002552 
11.639999 -0.37068313 -0.37068313 -0.37068313 
11.679999 -0.3253406 -0.3253406 -0.3253406 
11.719999 -0.26399818 -0.26399818 -0.26399818 
11.759999 -0.1866558 -0.1866558 -0.1866558 
11.8 -0.093313344 -0.093313344 -0.093313344 
11.84 0.016029041 0.016029041 0.016029041 
11.88 0.14137143 0.14137143 0.14137143 
11.92 0.2827138 0.2827138 0.2827138 
11.96 0.44005653 0.44005653 0.44005653 
12.0 0.613399 0.613399 0.613399 
12.04 0.8027414 0.8027414 0.8027414 
12.08 1.008084 1.008084 1.008084 
12.12 1.2294266 1.2294266 1.2294266 
12.16 1.466769 1.466769 1.466769 
12.2 1.6586541 1.6586541 1.6586541 
12.24 1.7974553 1.7974553 1.7974553 
12.28 1.8667537 1.8667537 1.8667537 
12.32 1.872954 1.872954 1.872954 
12.36 1.827635 1.827635 1.827635 
12.4 1.7457622 1.7457622 1.7457622 
12.44 1.6368567 1.6368567 1.6368567 
12.48 1.5098331 1.5098331 1.5098331 
12.5199995 1.3721943 1.3721943 1.3721943 
12.559999 1.234111 1.234111 1.234111 
12.599999 1.1120276 1.1120276 1.1120276 
12.639999 1.0059443 1.0059443 1.0059443 
12.679999 0.915861 0.915861 0.915861 
12.719999 0.84177786 0.84177786 0.84177786 
12.759999 0.76140785 0.76140785 0.76140785 
12.799999 0.69703805 0.69703805 0.69703805 
12.84 0.64866835 0.64866835 0.64866835 
12.88 0.6162982 0.6162982 0.6162982 
12.92 0.5999283 0.5999283 0.5999283 
12.96 0.5995585 0.5995585 0.5995585 
13.0 0.6151888 0.6151888 0.6151888 
13.04 0.6468191 0.6468191 0.6468191 
13.08 0.6944491 0.6944491 0.6944491 
13.12 0.7580794 0.7580794 0.7580794 
13.16 0.8377097 0.8377097 0.8377097 
13.2 0.9333398 0.9333398 0.9333398 
13.24 1.0449699 1.0449699 1.0449699 
13.28 1.1725998 1.1725998 1.1725998 
13.32 1.31623 1.31623 1.31623 
13.36 1.4459575 1.4459575 1.4459575 
13.4 1.5063022 1.5063022 1.5063022 
13.44 1.5191844 1.5191844 1.5191844 
13.48 1.4892106 1.4892106 1.4892106 
13.5199995 1.4338436 1.4338436 1.4338436 
13.559999 1.3559977 1.3559977 1.3559977 
13.599999 1.271722 1.271722 1.271722 
13.639999 1.1611501 1.1611501 1.1611501 
13.679999 1.0296215 1.0296215 1.0296215 
13.719999 0.8885327 0.8885327 0.8885327 
13.759999 0.75184274 0.75184274 0.75184274 
13.799999 0.6311526 0.6311526 0.6311526 
13.84 0.52646244 0.52646244 0.52646244 
13.88 0.43777236 0.43777236 0.43777236 
13.92 0.36508226 0.36508226 0.36508226 
13.96 0.30471998 0.30471998 0.30471998 
14.0 0.26035783 0.26035783 0.26035783 
14.04 0.23199531 0.23199531 0.23199531 
14.08 0.21963271 0.21963271 0.21963271 
14.12 0.22327052 0.22327052 0.22327052 
14.16 0.24290818 0.24290818 0.24290818 
14.2 0.27854562 0.27854562 0.27854562 
14.24 0.3301833 0.3301833 0.3301833 
14.28 0.3978209 0.3978209 0.3978209 
14.32 0.4814585 0.4814585 0.4814585 
14.36 0.58109605 0.58109605 0.58109605 
14.4 0.6967337 0.6967337 0.6967337 
14.44 0.82837135 0.82837135 0.82837135 
14.48 0.9760089 0.9760089 0.9760089 
14.5199995 1.1396466 1.1396466 1.1396466 
14.559999 1.3192842 1.3192842 1.3192842 
14.599999 1.5149219 1.5149219 1.5149219 
14.639999 1.6408954 1.6408954 1.6408954 
14.679999 1.7289976 1.7289976 1.7289976 
14.719999 1.7678941 1.7678941 1.7678941 
14.759999 1.7675788 1.7675788 1.7675788 
14.799999 1.7357733 1.7357733 1.7357733 
14.839999 1.6921202 1.6921202 1.6921202 
14.88 1.6455325 1.6455325 1.6455325 
14.92 1.6001632 1.6001632 1.6001632 
14.96 1.563316 1.563316 1.563316 
15.0 1.5409869 1.5409869 1.5409869 
15.04 1.5346578 1.5346578 1.5346578 
15.08 1.5443286 1.5443286 1.5443286 
15.12 1.5518861 1.5518861 1.5518861 
15.16 1.570312 1.570312 1.570312 
15.2 1.604738 1.604738 1.604738 
15.24 1.6551642 1.6551642 1.6551642 
15.28 1.7215903 1.7215903 1.7215903 
15.32 1.7817265 1.7817265 1.7817265 
15.36 1.8578624 1.8578624 1.8578624 
15.4 1.9499981 1.9499981 1.9499981 
15.44 2.0581343 2.0581343 2.0581343 
15.48 2.18227 2.18227 2.18227 
15.5199995 2.3224063 2.3224063 2.3224063 
15.559999 2.4785419 2.4785419 2.4785419 
15.599999 2.636468 2.636468 2.636468 
15.639999 2.7054532 2.7054532 2.7054532 
15.679999 2.779115 2.779115 2.779115 
15.719999 2.815083 2.815083 2.815083 
15.759999 2.8150482 2.8150482 2.8150482 
15.799999 2.7890685 2.7890685 2.7890685 
15.839999 2.7527244 2.7527244 2.7527244 
15.88 2.6748493 2.6748493 2.6748493 
15.92 2.5569146 2.5569146 2.5569146 
15.96 2.4032774 2.4032774 2.4032774 
16.0 2.222833 2.222833 2.222833 
16.039999 2.0298674 2.0298674 2.0298674 
16.08 1.834255 1.834255 1.834255 
16.119999 1.6429211 1.6429211 1.6429211 
16.16 1.458509 1.458509 1.458509 
16.199999 1.282825 1.282825 1.282825 
16.24 1.1231412 1.1231412 1.1231412 
16.279999 0.9794571 0.9794571 0.9794571 
16.32 0.85177296 0.85177296 0.85177296 
16.359999 0.74008906 0.74008906 0.74008906 
16.4 0.6444053 0.6444053 0.6444053 
16.44 0.564721 0.564721 0.564721 
16.48 0.501037 0.501037 0.501037 
16.52 0.4533532 0.4533532 0.4533532 
16.56 0.4216692 0.4216692 0.4216692 
16.6 0.4059852 0.4059852 0.4059852 
16.64 0.40630126 0.40630126 0.40630126 
16.68 0.42261735 0.42261735 0.42261735 
16.72 0.4549332 0.4549332 0.4549332 
16.76 0.5032492 0.5032492 0.5032492 
16.8 0.5675652 0.5675652 0.5675652 
16.84 0.6478811 0.6478811 0.6478811 
16.88 0.7441972 0.7441972 0.7441972 
16.92 0.8565133 0.8565133 0.8565133 
16.96 0.9848291 0.9848291 0.9848291 
17.0 1.129145 1.129145 1.129145 
17.039999 1.289461 1.289461 1.289461 
17.08 1.465777 1.465777 1.465777 
17.119999 1.6580932 1.6580932 1.6580932 
17.16 1.8664092 1.8664092 1.8664092 
17.199999 2.026128 2.026128 2.026128 
17.24 2.1307259 2.1307259 2.1307259 
17.279999 2.1971943 2.1971943 2.1971943 
17.32 2.2275243 2.2275243 2.2275243 
17.359999 2.245663 2.245663 2.245663 
17.4 2.2356584 2.2356584 2.2356584 
17.44 2.2086432 2.2086432 2.2086432 
17.48 2.1401455 2.1401455 2.1401455 
17.52 2.0429645 2.0429645 2.0429645 
17.56 1.9283698 1.9283698 1.9283698 
17.6 1.8117292 1.8117292 1.8117292 
17.64 1.7069755 1.7069755 1.7069755 
17.68 1.619422 1.619422 1.619422 
17.72 1.5478686 1.5478686 1.5478686 
17.76 1.492315 1.492315 1.492315 
17.8 1.4527618 1.4527618 1.4527618 
17.84 1.4292083 1.4292083 1.4292083 
17.88 1.4216549 1.4216549 1.4216549 
17.92 1.4301014 1.4301014 1.4301014 
17.96 1.4545479 1.4545479 1.4545479 
18.0 1.4949946 1.4949946 1.4949946 
18.039999 1.5514412 1.5514412 1.5514412 
18.08 1.6238875 1.6238875 1.6238875 
18.119999 1.7123343 1.7123343 1.7123343 
18.16 1.8167807 1.8167807 1.8167807 
18.199999 1.9372276 1.9372276 1.9372276 
18.24 2.073674 2.073674 2.073674 
18.279999 2.2261207 2.2261207 2.2261207 
18.32 2.394567 2.394567 2.394567 
18.359999 2.5790136 2.5790136 2.5790136 
18.4 2.7665408 2.7665408 2.7665408 
18.44 2.871455 2.871455 2.871455 
18.48 2.9392633 2.9392633 2.9392633 
18.52 2.9799213 2.9799213 2.9799213 
18.56 2.979127 2.979127 2.979127 
18.6 2.9562223 2.9562223 2.9562223 
18.64 2.9099567 2.9099567 2.9099567 
18.68 2.8293188 2.8293188 2.8293188 
18.72 2.7094505 2.7094505 2.7094505 
18.76 2.5534742 2.5534742 2.5534742 
18.8 2.3675652 2.3675652 2.3675652 
18.84 2.1614974 2.1614974 2.1614974 
18.88 1.9486915 1.9486915 1.9486915 
18.92 1.7361901 1.7361901 1.7361901 
18.96 1.5320287 1.5320287 1.5320287 
19.0 1.3365345 1.3365345 1.3365345 
19.039999 1.1546317 1.1546317 1.1546317 
19.08 0.98872876 0.98872876 0.98872876 
19.119999 0.83882594 0.83882594 0.83882594 
19.16 0.70492315 0.70492315 0.70492315 
19.199999 0.5870202 0.5870202 0.5870202 
19.24 0.48511717 0.48511717 0.48511717 
19.279999 0.3992142 0.3992142 0.3992142 
19.32 0.32931137 0.32931137 0.32931137 
19.359999 0.27540863 0.27540863 0.27540863 
19.4 0.2375057 0.2375057 0.2375057 
19.439999 0.21560301 0.21560301 0.21560301 
19.48 0.20970017 0.20970017 0.20970017 
19.52 0.21979745 0.21979745 0.21979745 
19.56 0.2458943 0.2458943 0.2458943 
19.6 0.28799132 0.28799132 0.28799132 
19.64 0.34608853 0.34608853 0.34608853 
19.68 0.42018563 0.42018563 0.42018563 
19.72 0.51028264 0.51028264 0.51028264 
19.76 0.6163799 0.6163799 0.6163799 
19.8 0.7384767 0.7384767 0.7384767 
19.84 0.8765739 0.8765739 0.8765739 
19.88 1.0306708 1.0306708 1.0306708 
19.92 1.200768 1.200768 1.200768 
19.96 1.3868651 1.3868651 1.3868651 
20.0 1.5266215 1.5266215 1.5266215 
20.039999 1.6890566 1.6890566 1.6890566 
20.08 1.8041773 1.8041773 1.8041773 
20.119999 1.8787644 1.8787644 1.8787644 
20.16 1.9139034 1.9139034 1.9139034 
20.199999 1.9164459 1.9164459 1.9164459 
20.24 1.8901116 1.8901116 1.8901116 
20.279999 1.8406764 1.8406764 1.8406764 
20.32 1.7791568 1.7791568 1.7791568 
20.359999 1.7209805 1.7209805 1.7209805 
20.4 1.6757989 1.6757989 1.6757989 
20.439999 1.6466173 1.6466173 1.6466173 
20.48 1.6334358 1.6334358 1.6334358 
20.52 1.636254 1.636254 1.636254 
20.56 1.6337994 1.6337994 1.6337994 
20.6 1.6473514 1.6473514 1.6473514 
20.64 1.6769032 1.6769032 1.6769032 
20.68 1.7028098 1.7028098 1.7028098 
20.72 1.7455548 1.7455548 1.7455548 
20.76 1.8043001 1.8043001 1.8043001 
20.8 1.8790454 1.8790454 1.8790454 
20.84 1.9697903 1.9697903 1.9697903 
20.88 2.0765352 2.0765352 2.0765352 
20.92 2.1992805 2.1992805 2.1992805 
20.96 2.3380253 2.3380253 2.3380253 
21.0 2.49277 2.49277 2.49277 
21.039999 2.6541278 2.6541278 2.6541278 
21.08 2.7371848 2.7371848 2.7371848 
21.119999 2.7886734 2.7886734 2.7886734 
21.16 2.812134 2.812134 2.812134 
21.199999 2.8120081 2.8120081 2.8120081 
21.24 2.7859147 2.7859147 2.7859147 
21.279999 2.7358744 2.7358744 2.7358744 
21.32 2.6536987 2.6536987 2.6536987 
21.359999 2.539372 2.539372 2.539372 
21.4 2.3970978 2.3970978 2.3970978 
21.439999 2.2348268 2.2348268 2.2348268 
21.48 2.0648975 2.0648975 2.0648975 
21.52 1.8969797 1.8969797 1.8969797 
21.56 1.7370682 1.7370682 1.7370682 
21.6 1.5844901 1.5844901 1.5844901 
21.64 1.4421542 1.4421542 1.4421542 
21.68 1.3158185 1.3158185 1.3158185 
21.72 1.2054834 1.2054834 1.2054834 
21.76 1.1111478 1.1111478 1.1111478 
21.8 1.032812 1.032812 1.032812 
21.84 0.9704764 0.9704764 0.9704764 
21.88 0.9241408 0.9241408 0.9241408 
21.92 0.89380515 0.89380515 0.89380515 
21.96 0.87946963 0.87946963 0.87946963 
22.0 0.8811342 0.8811342 0.8811342 
22.039999 0.8987985 0.8987985 0.8987985 
22.08 0.93246305 0.93246305 0.93246305 
22.119999 0.98212755 0.98212755 0.98212755 
22.16 1.047792 1.047792 1.047792 
22.199999 1.1294563 1.1294563 1.1294563 
22.24 1.2271205 1.2271205 1.2271205 
22.279999 1.3407851 1.3407851 1.3407851 
22.32 1.4704497 1.4704497 1.4704497 
22.359999 1.616114 1.616114 1.616114 
22.4 1.7777781 1.7777781 1.7777781 
22.439999 1.9554425 1.9554425 1.9554425 
22.48 2.149107 2.149107 2.149107 
22.519999 2.355091 2.355091 2.355091 
22.56 2.4917305 2.4917305 2.4917305 
22.6 2.6177998 2.6177998 2.6177998 
22.64 2.6730795 2.6730795 2.6730795 
22.68 2.6910574 2.6910574 2.6910574 
22.72 2.6665301 2.6665301 2.6665301 
22.76 2.6508203 2.6508203 2.6508203 
22.8 2.5975254 2.5975254 2.5975254 
22.84 2.5030947 2.5030947 2.5030947 
22.88 2.3710423 2.3710423 2.3710423 
22.92 2.2092307 2.2092307 2.2092307 
22.96 2.0284445 2.0284445 2.0284445 
23.0 1.8407253 1.8407253 1.8407253 
23.039999 1.6610483 1.6610483 1.6610483 
23.08 1.4934603 1.4934603 1.4934603 
23.119999 1.3399701 1.3399701 1.3399701 
23.16 1.2024803 1.2024803 1.2024803 
23.199999 1.0809898 1.0809898 1.0809898 
23.24 0.97549987 0.97549987 0.97549987 
23.279999 0.8860097 0.8860097 0.8860097 
23.32 0.81251955 0.81251955 0.81251955 
23.359999 0.7550294 0.7550294 0.7550294 
23.4 0.7135394 0.7135394 0.7135394 
23.439999 0.6880494 0.6880494 0.6880494 
23.48 0.6785591 0.6785591 0.6785591 
23.519999 0.6850691 0.6850691 0.6850691 
23.56 0.707579 0.707579 0.707579 
23.6 0.74608886 0.74608886 0.74608886 
23.64 0.80059886 0.80059886 0.80059886 
23.68 0.8711086 0.8711086 0.8711086 
23.72 0.9576185 0.9576185 0.9576185 
23.76 1.0601281 1.0601281 1.0601281 
23.8 1.178638 1.178638 1.178638 
23.84 1.3131481 1.3131481 1.3131481 
23.88 1.4636581 1.4636581 1.4636581 
23.92 1.6301678 1.6301678 1.6301678 
23.96 1.8126777 1.8126777 1.8126777 
24.0 2.0111878 2.0111878 2.0111878 
24.039999 2.1815798 2.1815798 2.1815798 
24.08 2.3259542 2.3259542 2.3259542 
24.119999 2.4345436 2.4345436 2.4345436 
24.16 2.482803 2.482803 2.482803 
24.199999 2.52458 2.52458 2.52458 
24.24 2.5313866 2.5313866 2.5313866 
24.279999 2.494261 2.494261 2.494261 
24.32 2.4133468 2.4133468 2.4133468 
24.359999 2.293608 2.293608 2.293608 
24.4 2.1447585 2.1447585 2.1447585 
24.439999 1.9790467 1.9790467 1.9790467 
24.48 1.8150095 1.8150095 1.8150095 
24.519999 1.6631876 1.6631876 1.6631876 
24.56 1.5245702 1.5245702 1.5245702 
24.6 1.4019526 1.4019526 1.4019526 
24.64 1.2953352 1.2953352 1.2953352 
24.68 1.2047176 1.2047176 1.2047176 
24.72 1.1301003 1.1301003 1.1301003 
24.76 1.0714828 1.0714828 1.0714828 
24.8 1.0288655 1.0288655 1.0288655 
24.84 1.0022479 1.0022479 1.0022479 
24.88 0.99163026 0.99163026 0.99163026 
24.92 0.9970128 0.9970128 0.9970128 
24.96 1.0183954 1.0183954 1.0183954 
25.0 1.055778 1.055778 1.055778 
25.039999 1.1091604 1.1091604 1.1091604 
25.08 1.1785426 1.1785426 1.1785426 
25.119999 1.2639256 1.2639256 1.2639256 
25.16 1.3653076 1.3653076 1.3653076 
25.199999 1.4826905 1.4826905 1.4826905 
25.24 1.6160728 1.6160728 1.6160728 
25.279999 1.7654552 1.7654552 1.7654552 
25.32 1.9308375 1.9308375 1.9308375 
25.359999 2.038493 2.038493 2.038493 
25.4 2.1172369 2.1172369 2.1172369 
25.439999 2.177085 2.177085 2.177085 
25.48 2.2077389 2.2077389 2.2077389 
25.519999 2.202656 2.202656 2.202656 
25.56 2.1627402 2.1627402 2.1627402 
25.599998 2.0929492 2.0929492 2.0929492 
25.64 2.0011337 2.0011337 2.0011337 
25.68 1.8996902 1.8996902 1.8996902 
25.72 1.8035126 1.8035126 1.8035126 
25.76 1.725417 1.725417 1.725417 
25.8 1.6633216 1.6633216 1.6633216 
25.84 1.6172259 1.6172259 1.6172259 
25.88 1.5871305 1.5871305 1.5871305 
25.92 1.5730349 1.5730349 1.5730349 
25.96 1.5749396 1.5749396 1.5749396 
26.0 1.5928441 1.5928441 1.5928441 
26.039999 1.6267484 1.6267484 1.6267484 
26.08 1.6766528 1.6766528 1.6766528 
26.119999 1.7425573 1.7425573 1.7425573 
26.16 1.8244619 1.8244619 1.8244619 
26.199999 1.9223664 1.9223664 1.9223664 
26.24 2.0362709 2.0362709 2.0362709 
26.279999 2.1661754 2.1661754 2.1661754 
26.32 2.3120797 2.3120797 2.3120797 
26.359999 2.473984 2.473984 2.473984 
26.4 2.6518881 2.6518881 2.6518881 
26.439999 2.8457928 2.8457928 2.8457928 
26.48 3.0556972 3.0556972 3.0556972 
26.519999 3.2304928 3.2304928 3.2304928 
26.56 3.3185613 3.3185613 3.3185613 
26.599998 3.3944206 3.3944206 3.3944206 
26.64 3.4354358 3.4354358 3.4354358 
26.68 3.411555 3.411555 3.411555 
26.72 3.3518665 3.3518665 3.3518665 
26.76 3.259849 3.259849 3.259849 
26.8 3.1438112 3.1438112 3.1438112 
26.84 3.0104039 3.0104039 3.0104039 
26.88 2.8724446 2.8724446 2.8724446 
26.92 2.73491 2.73491 2.73491 
26.96 2.6017177 2.6017177 2.6017177 
27.0 2.4739037 2.4739037 2.4739037 
27.039999 2.3507855 2.3507855 2.3507855 
27.08 2.2436676 2.2436676 2.2436676 
27.119999 2.149184 2.149184 2.149184 
27.16 2.0706997 2.0706997 2.0706997 
27.199999 2.008216 2.008216 2.008216 
27.24 1.9617323 1.9617323 1.9617323 
27.279999 1.9312487 1.9312487 1.9312487 
27.32 1.9167647 1.9167647 1.9167647 
27.359999 1.9182811 1.9182811 1.9182811 
27.4 1.9357973 1.9357973 1.9357973 
27.439999 1.9693136 1.9693136 1.9693136 
27.48 2.0188296 2.0188296 2.0188296 
27.519999 2.084346 2.084346 2.084346 
27.56 2.165862 2.165862 2.165862 
27.599998 2.2633784 2.2633784 2.2633784 
27.64 2.3768942 2.3768942 2.3768942 
27.68 2.5064108 2.5064108 2.5064108 
27.72 2.6408522 2.6408522 2.6408522 
27.76 2.779604 2.779604 2.779604 
27.8 2.8535454 2.8535454 2.8535454 
27.84 2.8899639 2.8899639 2.8899639 
27.88 2.898308 2.898308 2.898308 
27.92 2.846555 2.846555 2.846555 
27.96 2.7791731 2.7791731 2.7791731 
28.0 2.664033 2.664033 2.664033 
28.039999 2.5117404 2.5117404 2.5117404 
28.08 2.3327918 2.3327918 2.3327918 
28.119999 2.1384323 2.1384323 2.1384323 
28.16 1.9414208 1.9414208 1.9414208 
28.199999 1.749783 1.749783 1.749783 
28.24 1.5674449 1.5674449 1.5674449 
28.279999 1.4011064 1.4011064 1.4011064 
28.32 1.2507676 1.2507676 1.2507676 
28.359999 1.116429 1.116429 1.116429 
28.4 0.99809057 0.99809057 0.99809057 
28.439999 0.89575183 0.89575183 0.89575183 
28.48 0.8094131 0.8094131 0.8094131 
28.519999 0.73907465 0.73907465 0.73907465 
28.56 0.68473595 0.68473595 0.68473595 
28.599998 0.6463974 0.6463974 0.6463974 
28.64 0.6240588 0.6240588 0.6240588 
28.68 0.6177203 0.6177203 0.6177203 
28.72 0.62738144 0.62738144 0.62738144 
28.76 0.65304285 0.65304285 0.65304285 
28.8 0.69470435 0.69470435 0.69470435 
28.84 0.75236577 0.75236577 0.75236577 
28.88 0.82602733 0.82602733 0.82602733 
28.92 0.9156887 0.9156887 0.9156887 
28.96 1.0213501 1.0213501 1.0213501 
29.0 1.1430117 1.1430117 1.1430117 
29.039999 1.280673 1.280673 1.280673 
29.08 1.4343344 1.4343344 1.4343344 
29.119999 1.6039962 1.6039962 1.6039962 
29.16 1.7896574 1.7896574 1.7896574 
29.199999 1.9913188 1.9913188 1.9913188 
29.24 2.186465 2.186465 2.186465 
29.279999 2.3338556 2.3338556 2.3338556 
29.32 2.4453812 2.4453812 2.4453812 
29.359999 2.5216637 2.5216637 2.5216637 
29.4 2.566466 2.566466 2.566466 
29.439999 2.5680778 2.5680778 2.5680778 
29.48 2.5246675 2.5246675 2.5246675 
29.519999 2.4398396 2.4398396 2.4398396 
29.56 2.3220682 2.3220682 2.3220682 
29.599998 2.1810622 2.1810622 2.1810622 
29.64 2.0302827 2.0302827 2.0302827 
29.679998 1.8837914 1.8837914 1.8837914 
29.72 1.7466321 1.7466321 1.7466321 
29.76 1.6202183 1.6202183 1.6202183 
29.8 1.509804 1.509804 1.509804 
29.84 1.4153897 1.4153897 1.4153897 
29.88 1.3369755 1.3369755 1.3369755 
29.92 1.2745616 1.2745616 1.2745616 
29.96 1.2281471 1.2281471 1.2281471 
30.0 1.1977332 1.1977332 1.1977332 
30.039999 1.1833192 1.1833192 1.1833192 
30.08 1.1849048 1.1849048 1.1849048 
30.119999 1.2024903 1.2024903 1.2024903 
30.16 1.2360762 1.2360762 1.2360762 
30.199999 1.2856623 1.2856623 1.2856623 
30.24 1.351248 1.351248 1.351248 
30.279999 1.4328336 1.4328336 1.4328336 
30.32 1.5304193 1.5304193 1.5304193 
30.359999 1.6440053 1.6440053 1.6440053 
30.4 1.773591 1.773591 1.773591 
30.439999 1.9191769 1.9191769 1.9191769 
30.48 2.0807626 2.0807626 2.0807626 
30.519999 2.2369308 2.2369308 2.2369308 
30.56 2.342211 2.342211 2.342211 
30.599998 2.400068 2.400068 2.400068 
30.64 2.4207265 2.4207265 2.4207265 
30.679998 2.4046826 2.4046826 2.4046826 
30.72 2.3485832 2.3485832 2.3485832 
30.76 2.2527173 2.2527173 2.2527173 
30.8 2.1228082 2.1228082 2.1228082 
30.84 1.9694871 1.9694871 1.9694871 
30.88 1.8082076 1.8082076 1.8082076 
30.92 1.649686 1.649686 1.649686 
30.96 1.5012864 1.5012864 1.5012864 
31.0 1.3640807 1.3640807 1.3640807 
31.039999 1.2428752 1.2428752 1.2428752 
31.08 1.1376694 1.1376694 1.1376694 
31.119999 1.0484637 1.0484637 1.0484637 
31.16 0.9752577 0.9752577 0.9752577 
31.199999 0.9180521 0.9180521 0.9180521 
31.24 0.87684613 0.87684613 0.87684613 
31.279999 0.85164046 0.85164046 0.85164046 
31.32 0.8424349 0.8424349 0.8424349 
31.359999 0.84922934 0.84922934 0.84922934 
31.4 0.8720237 0.8720237 0.8720237 
31.439999 0.9108179 0.9108179 0.9108179 
31.48 0.9656122 0.9656122 0.9656122 
31.519999 1.0364066 1.0364066 1.0364066 
31.56 1.1232008 1.1232008 1.1232008 
31.599998 1.2259951 1.2259951 1.2259951 
31.64 1.3447894 1.3447894 1.3447894 
31.679998 1.4795836 1.4795836 1.4795836 
31.72 1.6303778 1.6303778 1.6303778 
31.76 1.7971718 1.7971718 1.7971718 
31.8 1.9799664 1.9799664 1.9799664 
31.84 2.1722155 2.1722155 2.1722155 
31.88 2.2858348 2.2858348 2.2858348 
31.92 2.371344 2.371344 2.371344 
31.96 2.4303532 2.4303532 2.4303532 
32.0 2.464054 2.464054 2.464054 
32.04 2.4378095 2.4378095 2.4378095 
32.079998 2.3934162 2.3934162 2.3934162 
32.12 2.2988124 2.2988124 2.2988124 
32.16 2.1663811 2.1663811 2.1663811 
32.2 2.009665 2.009665 2.009665 
32.239998 1.8473244 1.8473244 1.8473244 
32.28 1.6891456 1.6891456 1.6891456 
32.32 1.5394399 1.5394399 1.5394399 
32.36 1.4030584 1.4030584 1.4030584 
32.399998 1.2826769 1.2826769 1.2826769 
32.44 1.178295 1.178295 1.178295 
32.48 1.0899134 1.0899134 1.0899134 
32.52 1.0175315 1.0175315 1.0175315 
32.559998 0.9611499 0.9611499 0.9611499 
32.6 0.92076814 0.92076814 0.92076814 
32.64 0.89638644 0.89638644 0.89638644 
32.68 0.88800466 0.88800466 0.88800466 
32.719997 0.8956227 0.8956227 0.8956227 
32.76 0.9192409 0.9192409 0.9192409 
32.8 0.958859 0.958859 0.958859 
32.84 1.0144771 1.0144771 1.0144771 
32.88 1.0860957 1.0860957 1.0860957 
32.92 1.1737138 1.1737138 1.1737138 
32.96 1.277332 1.277332 1.277332 
33.0 1.3969502 1.3969502 1.3969502 
33.04 1.5325682 1.5325682 1.5325682 
33.079998 1.6841865 1.6841865 1.6841865 
33.12 1.8518046 1.8518046 1.8518046 
33.16 1.9830133 1.9830133 1.9830133 
33.2 2.0671659 2.0671659 2.0671659 
33.239998 2.1002598 2.1002598 2.1002598 
33.28 2.093 2.093 2.093 
33.32 2.0515418 2.0515418 2.0515418 
33.36 1.970998 1.970998 1.970998 
33.399998 1.8536994 1.8536994 1.8536994 
33.44 1.7078154 1.7078154 1.7078154 
33.48 1.5480676 1.5480676 1.5480676 
33.52 1.3862636 1.3862636 1.3862636 
33.559998 1.2404594 1.2404594 1.2404594 
33.6 1.1106554 1.1106554 1.1106554 
33.64 0.9968515 0.9968515 0.9968515 
33.68 0.89904743 0.89904743 0.89904743 
33.719997 0.8172432 0.8172432 0.8172432 
33.76 0.7514391 0.7514391 0.7514391 
33.8 0.7016349 0.7016349 0.7016349 
33.84 0.6678309 0.6678309 0.6678309 
33.88 0.6500269 0.6500269 0.6500269 
33.92 0.6482226 0.6482226 0.6482226 
33.96 0.6624185 0.6624185 0.6624185 
34.0 0.6926143 0.6926143 0.6926143 
34.04 0.7388103 0.7388103 0.7388103 
34.079998 0.80100614 0.80100614 0.80100614 
34.12 0.8792019 0.8792019 0.8792019 
34.16 0.97339803 0.97339803 0.97339803 
34.2 1.0835937 1.0835937 1.0835937 
34.239998 1.2097896 1.2097896 1.2097896 
34.28 1.3519855 1.3519855 1.3519855 
34.32 1.5101812 1.5101812 1.5101812 
34.36 1.6843771 1.6843771 1.6843771 
34.399998 1.8745729 1.8745729 1.8745729 
34.44 2.0428803 2.0428803 2.0428803 
34.48 2.155877 2.155877 2.155877 
34.52 2.2392776 2.2392776 2.2392776 
34.559998 2.2865393 2.2865393 2.2865393 
34.6 2.3177855 2.3177855 2.3177855 
34.64 2.3159378 2.3159378 2.3159378 
34.68 2.2742105 2.2742105 2.2742105 
34.719997 2.1937203 2.1937203 2.1937203 
34.76 2.081476 2.081476 2.081476 
34.8 1.9473777 1.9473777 1.9473777 
34.84 1.805248 1.805248 1.805248 
34.88 1.6627431 1.6627431 1.6627431 
34.92 1.5264864 1.5264864 1.5264864 
34.96 1.4041166 1.4041166 1.4041166 
35.0 1.297747 1.297747 1.297747 
35.04 1.2073772 1.2073772 1.2073772 
35.079998 1.1330076 1.1330076 1.1330076 
35.12 1.0746375 1.0746375 1.0746375 
35.16 1.032268 1.032268 1.032268 
35.2 1.0058982 1.0058982 1.0058982 
35.239998 0.99552834 0.99552834 0.99552834 
35.28 1.0011587 1.0011587 1.0011587 
35.32 1.0227888 1.0227888 1.0227888 
35.36 1.0604191 1.0604191 1.0604191 
35.399998 1.1140497 1.1140497 1.1140497 
35.44 1.1836797 1.1836797 1.1836797 
35.48 1.2693101 1.2693101 1.2693101 
35.52 1.3709403 1.3709403 1.3709403 
35.559998 1.4885708 1.4885708 1.4885708 
35.6 1.6222007 1.6222007 1.6222007 
35.64 1.7718312 1.7718312 1.7718312 
35.68 1.9374611 1.9374611 1.9374611 
35.719997 2.1190917 2.1190917 2.1190917 
35.76 2.301061 2.301061 2.301061 
35.8 2.4191036 2.4191036 2.4191036 
35.84 2.4876213 2.4876213 2.4876213 
35.88 2.509775 2.509775 2.509775 
35.92 2.4945679 2.4945679 2.4945679 
35.96 2.444494 2.444494 2.444494 
36.0 2.3569272 2.3569272 2.3569272 
36.04 2.2324588 2.2324588 2.2324588 
36.079998 2.0781474 2.0781474 2.0781474 
36.12 1.9069109 1.9069109 1.9069109 
36.16 1.7355957 1.7355957 1.7355957 
36.2 1.5746391 1.5746391 1.5746391 
36.239998 1.4296829 1.4296829 1.4296829 
36.28 1.3007263 1.3007263 1.3007263 
36.32 1.1877702 1.1877702 1.1877702 
36.36 1.0908139 1.0908139 1.0908139 
36.399998 1.0098572 1.0098572 1.0098572 
36.44 0.9449011 0.9449011 0.9449011 
36.48 0.89594483 0.89594483 0.89594483 
36.52 0.86298865 0.86298865 0.86298865 
36.559998 0.8460325 0.8460325 0.8460325 
36.6 0.845076 0.845076 0.845076 
36.64 0.86011976 0.86011976 0.86011976 
36.68 0.89116335 0.89116335 0.89116335 
36.719997 0.9382073 0.9382073 0.9382073 
36.76 1.0012507 1.0012507 1.0012507 
36.8 1.0802945 1.0802945 1.0802945 
36.84 1.1753379 1.1753379 1.1753379 
36.88 1.2863815 1.2863815 1.2863815 
36.92 1.4134253 1.4134253 1.4134253 
36.96 1.5564688 1.5564688 1.5564688 
37.0 1.7155124 1.7155124 1.7155124 
37.04 1.8905561 1.8905561 1.8905561 
37.079998 2.0815997 2.0815997 2.0815997 
37.12 2.239565 2.239565 2.239565 
37.16 2.3457274 2.3457274 2.3457274 
37.2 2.4012654 2.4012654 2.4012654 
37.239998 2.4197752 2.4197752 2.4197752 
37.28 2.3900445 2.3900445 2.3900445 
37.32 2.3081315 2.3081315 2.3081315 
37.36 2.1764836 2.1764836 2.1764836 
37.399998 2.0030658 2.0030658 2.0030658 
37.44 1.799017 1.799017 1.799017 
37.48 1.5828863 1.5828863 1.5828863 
37.52 1.3682592 1.3682592 1.3682592 
37.559998 1.1644069 1.1644069 1.1644069 
37.6 0.97655416 0.97655416 0.97655416 
37.64 0.80470175 0.80470175 0.80470175 
37.68 0.6488491 0.6488491 0.6488491 
37.719997 0.5089965 0.5089965 0.5089965 
37.76 0.3851437 0.3851437 0.3851437 
37.8 0.2772911 0.2772911 0.2772911 
37.84 0.18543826 0.18543826 0.18543826 
37.879997 0.10958583 0.10958583 0.10958583 
37.92 0.049733136 0.049733136 0.049733136 
37.96 0.0058806213 0.0058806213 0.0058806213 
38.0 -0.02197203 -0.02197203 -0.02197203 
38.04 -0.03382454 -0.03382454 -0.03382454 
38.079998 -0.029677011 -0.029677011 -0.029677011 
38.12 -0.00952949 -0.00952949 -0.00952949 
38.16 0.02661782 0.02661782 0.02661782 
38.2 0.078765325 0.078765325 0.078765325 
38.239998 0.14691262 0.14691262 0.14691262 
38.28 0.2310599 0.2310599 0.2310599 
38.32 0.3312074 0.3312074 0.3312074 
38.36 0.44735473 0.44735473 0.44735473 
38.399998 0.5795023 0.5795023 0.5795023 
38.44 0.7276496 0.7276496 0.7276496 
38.48 0.89179695 0.89179695 0.89179695 
38.52 1.0719445 1.0719445 1.0719445 
38.559998 1.268092 1.268092 1.268092 
38.6 1.4802393 1.4802393 1.4802393 
38.64 1.6320877 1.6320877 1.6320877 
38.68 1.7479064 1.7479064 1.7479064 
38.719997 1.809867 1.809867 1.809867 
38.76 1.8203856 1.8203856 1.8203856 
38.8 1.7896386 1.7896386 1.7896386 
38.84 1.7366412 1.7366412 1.7366412 
38.879997 1.666035 1.666035 1.666035 
38.92 1.586973 1.586973 1.586973 
38.96 1.5101676 1.5101676 1.5101676 
39.0 1.4444182 1.4444182 1.4444182 
39.04 1.3946687 1.3946687 1.3946687 
39.079998 1.360919 1.360919 1.360919 
39.12 1.3431692 1.3431692 1.3431692 
39.16 1.34142 1.34142 1.34142 
39.2 1.3420229 1.3420229 1.3420229 
39.239998 1.358626 1.358626 1.358626 
39.28 1.3745933 1.3745933 1.3745933 
39.32 1.4080917 1.4080917 1.4080917 
39.36 1.4575896 1.4575896 1.4575896 
39.399998 1.523088 1.523088 1.523088 
39.44 1.604586 1.604586 1.604586 
39.48 1.7020842 1.7020842 1.7020842 
39.52 1.8155824 1.8155824 1.8155824 
39.559998 1.9450805 1.9450805 1.9450805 
39.6 2.0905786 2.0905786 2.0905786 
39.64 2.2520766 2.2520766 2.2520766 
39.68 2.4295747 2.4295747 2.4295747 
39.719997 2.6212604 2.6212604 2.6212604 
39.76 2.71693 2.71693 2.71693 
39.8 2.7802043 2.7802043 2.7802043 
39.84 2.8212128 2.8212128 2.8212128 
39.879997 2.8257382 2.8257382 2.8257382 
39.92 2.7873223 2.7873223 2.7873223 
39.96 2.7021623 2.7021623 2.7021623 
40.0 2.5746622 2.5746622 2.5746622 
40.04 2.4131641 2.4131641 2.4131641 
40.079998 2.2300198 2.2300198 2.2300198 
40.12 2.0404346 2.0404346 2.0404346 
40.16 1.8529907 1.8529907 1.8529907 
40.2 1.672878 1.672878 1.672878 
40.239998 1.4989631 1.4989631 1.4989631 
40.28 1.3410487 1.3410487 1.3410487 
40.32 1.1991339 1.1991339 1.1991339 
40.36 1.0732191 1.0732191 1.0732191 
40.399998 0.9633042 0.9633042 0.9633042 
40.44 0.8693894 0.8693894 0.8693894 
40.48 0.7914747 0.7914747 0.7914747 
40.52 0.72956014 0.72956014 0.72956014 
40.559998 0.6836454 0.6836454 0.6836454 
40.6 0.6537306 0.6537306 0.6537306 
40.64 0.639816 0.639816 0.639816 
40.68 0.6419012 0.6419012 0.6419012 
40.719997 0.65998644 0.65998644 0.65998644 
40.76 0.6940717 0.6940717 0.6940717 
40.8 0.744157 0.744157 0.744157 
40.84 0.81024224 0.81024224 0.81024224 
40.879997 0.8923273 0.8923273 0.8923273 
40.92 0.9904126 0.9904126 0.9904126 
40.96 1.1044977 1.1044977 1.1044977 
41.0 1.2345833 1.2345833 1.2345833 
41.04 1.3806682 1.3806682 1.3806682 
41.079998 1.5427536 1.5427536 1.5427536 
41.12 1.7208389 1.7208389 1.7208389 
41.16 1.847173 1.847173 1.847173 
41.2 1.9362919 1.9362919 1.9362919 
41.239998 1.9808681 1.9808681 1.9808681 
41.28 1.987642 1.987642 1.987642 
41.32 1.962633 1.962633 1.962633 
41.36 1.9042778 1.9042778 1.9042778 
41.399998 1.8167735 1.8167735 1.8167735 
41.44 1.7088877 1.7088877 1.7088877 
41.48 1.596706 1.596706 1.596706 
41.52 1.4925175 1.4925175 1.4925175 
41.559998 1.4043286 1.4043286 1.4043286 
41.6 1.3321396 1.3321396 1.3321396 
41.64 1.2759507 1.2759507 1.2759507 
41.68 1.2357618 1.2357618 1.2357618 
41.719997 1.2115729 1.2115729 1.2115729 
41.76 1.2033842 1.2033842 1.2033842 
41.8 1.2111951 1.2111951 1.2111951 
41.84 1.2350061 1.2350061 1.2350061 
41.879997 1.274817 1.274817 1.274817 
41.92 1.3306282 1.3306282 1.3306282 
41.96 1.4024389 1.4024389 1.4024389 
42.0 1.4902499 1.4902499 1.4902499 
42.04 1.5940611 1.5940611 1.5940611 
42.079998 1.7138722 1.7138722 1.7138722 
42.12 1.8496835 1.8496835 1.8496835 
42.16 2.0014944 2.0014944 2.0014944 
42.2 2.1693056 2.1693056 2.1693056 
42.239998 2.3531168 2.3531168 2.3531168 
42.28 2.5529277 2.5529277 2.5529277 
42.32 2.7084727 2.7084727 2.7084727 
42.36 2.8027353 2.8027353 2.8027353 
42.399998 2.852917 2.852917 2.852917 
42.44 2.8855531 2.8855531 2.8855531 
42.48 2.8653462 2.8653462 2.8653462 
42.52 2.8334365 2.8334365 2.8334365 
42.559998 2.7471173 2.7471173 2.7471173 
42.6 2.612538 2.612538 2.612538 
42.64 2.437344 2.437344 2.437344 
42.68 2.231829 2.231829 2.231829 
42.719997 2.0097866 2.0097866 2.0097866 
42.76 1.7864037 1.7864037 1.7864037 
42.8 1.5754478 1.5754478 1.5754478 
42.84 1.3802803 1.3802803 1.3802803 
42.879997 1.2011123 1.2011123 1.2011123 
42.92 1.0379443 1.0379443 1.0379443 
42.96 0.8907767 0.8907767 0.8907767 
43.0 0.7596086 0.7596086 0.7596086 
43.04 0.6444408 0.6444408 0.6444408 
43.079998 0.5452731 0.5452731 0.5452731 
43.12 0.46210533 0.46210533 0.46210533 
43.16 0.3949375 0.3949375 0.3949375 
43.2 0.34376973 0.34376973 0.34376973 
43.239998 0.30860198 0.30860198 0.30860198 
43.28 0.289434 0.289434 0.289434 
43.32 0.28626606 0.28626606 0.28626606 
43.36 0.29909825 0.29909825 0.29909825 
43.399998 0.32793042 0.32793042 0.32793042 
43.44 0.37276265 0.37276265 0.37276265 
43.48 0.4335946 0.4335946 0.4335946 
43.52 0.51042694 0.51042694 0.51042694 
43.559998 0.60325915 0.60325915 0.60325915 
43.6 0.7120913 0.7120913 0.7120913 
43.64 0.83692354 0.83692354 0.83692354 
43.68 0.97775555 0.97775555 0.97775555 
43.719997 1.1345875 1.1345875 1.1345875 
43.76 1.3074195 1.3074195 1.3074195 
43.8 1.4962516 1.4962516 1.4962516 
43.84 1.7010838 1.7010838 1.7010838 
43.879997 1.9084619 1.9084619 1.9084619 
43.92 2.0510945 2.0510945 2.0510945 
43.96 2.1365333 2.1365333 2.1365333 
44.0 2.1617224 2.1617224 2.1617224 
44.04 2.1322165 2.1322165 2.1322165 
44.079998 2.062455 2.062455 2.062455 
44.12 1.9661562 1.9661562 1.9661562 
44.16 1.8474836 1.8474836 1.8474836 
44.2 1.7141637 1.7141637 1.7141637 
44.239998 1.5768328 1.5768328 1.5768328 
44.28 1.4555014 1.4555014 1.4555014 
44.32 1.3501705 1.3501705 1.3501705 
44.36 1.2608391 1.2608391 1.2608391 
44.399998 1.1875079 1.1875079 1.1875079 
44.44 1.130177 1.130177 1.130177 
44.48 1.0888457 1.0888457 1.0888457 
44.52 1.0635146 1.0635146 1.0635146 
44.559998 1.0541834 1.0541834 1.0541834 
44.6 1.0608524 1.0608524 1.0608524 
44.64 1.0835211 1.0835211 1.0835211 
44.68 1.1221899 1.1221899 1.1221899 
44.719997 1.1768588 1.1768588 1.1768588 
44.76 1.2475278 1.2475278 1.2475278 
44.8 1.3341968 1.3341968 1.3341968 
44.84 1.4368657 1.4368657 1.4368657 
44.879997 1.5555342 1.5555342 1.5555342 
44.92 1.6902033 1.6902033 1.6902033 
44.96 1.8408722 1.8408722 1.8408722 
45.0 2.007541 2.007541 2.007541 
45.039997 2.1902096 2.1902096 2.1902096 
45.079998 2.3888786 2.3888786 2.3888786 
45.12 2.5543644 2.5543644 2.5543644 
45.16 2.730612 2.730612 2.730612 
45.2 2.8074138 2.8074138 2.8074138 
45.239998 2.8670843 2.8670843 2.8670843 
45.28 2.8871534 2.8871534 2.8871534 
45.32 2.8606083 2.8606083 2.8606083 
45.36 2.819392 2.819392 2.819392 
45.399998 2.7270293 2.7270293 2.7270293 
45.44 2.5909917 2.5909917 2.5909917 
45.48 2.419618 2.419618 2.419618 
45.52 2.2237751 2.2237751 2.2237751 
45.559998 2.019958 2.019958 2.019958 
45.6 1.8167303 1.8167303 1.8167303 
45.64 1.6212813 1.6212813 1.6212813 
45.68 1.432411 1.432411 1.432411 
45.719997 1.2547878 1.2547878 1.2547878 
45.76 1.0931649 1.0931649 1.0931649 
45.8 0.9475421 0.9475421 0.9475421 
45.84 0.81791914 0.81791914 0.81791914 
45.879997 0.70429623 0.70429623 0.70429623 
45.92 0.60667336 0.60667336 0.60667336 
45.96 0.5250504 0.5250504 0.5250504 
46.0 0.4594276 0.4594276 0.4594276 
46.039997 0.4098046 0.4098046 0.4098046 
46.079998 0.37618154 0.37618154 0.37618154 
46.12 0.35855862 0.35855862 0.35855862 
46.16 0.35693574 0.35693574 0.35693574 
46.2 0.37131292 0.37131292 0.37131292 
46.239998 0.40168998 0.40168998 0.40168998 
46.28 0.44806716 0.44806716 0.44806716 
46.32 0.5104443 0.5104443 0.5104443 
46.36 0.5888213 0.5888213 0.5888213 
46.399998 0.6831984 0.6831984 0.6831984 
46.44 0.7935753 0.7935753 0.7935753 
46.48 0.91995263 0.91995263 0.91995263 
46.52 1.0623299 1.0623299 1.0623299 
46.559998 1.2207069 1.2207069 1.2207069 
46.6 1.3950838 1.3950838 1.3950838 
46.64 1.5854609 1.5854609 1.5854609 
46.68 1.7918382 1.7918382 1.7918382 
46.719997 1.9561336 1.9561336 1.9561336 
46.76 2.06916 2.06916 2.06916 
46.8 2.1439614 2.1439614 2.1439614 
46.84 2.1843038 2.1843038 2.1843038 
46.879997 2.2126977 2.2126977 2.2126977 
46.92 2.199116 2.199116 2.199116 
46.96 2.1800044 2.1800044 2.1800044 
47.0 2.1255703 2.1255703 2.1255703 
47.039997 2.047319 2.047319 2.047319 
47.079998 1.9567692 1.9567692 1.9567692 
47.12 1.871905 1.871905 1.871905 
47.16 1.8068858 1.8068858 1.8068858 
47.2 1.7578661 1.7578661 1.7578661 
47.239998 1.7248467 1.7248467 1.7248467 
47.28 1.7078271 1.7078271 1.7078271 
47.32 1.706808 1.706808 1.706808 
47.36 1.7217883 1.7217883 1.7217883 
47.399998 1.7527691 1.7527691 1.7527691 
47.44 1.7997496 1.7997496 1.7997496 
47.48 1.86273 1.86273 1.86273 
47.52 1.9417105 1.9417105 1.9417105 
47.559998 2.0366912 2.0366912 2.0366912 
47.6 2.1476717 2.1476717 2.1476717 
47.64 2.274652 2.274652 2.274652 
47.68 2.4176326 2.4176326 2.4176326 
47.719997 2.5766137 2.5766137 2.5766137 
47.76 2.7515938 2.7515938 2.7515938 
47.8 2.9425743 2.9425743 2.9425743 
47.84 3.1435492 3.1435492 3.1435492 
47.879997 3.2565968 3.2565968 3.2565968 
47.92 3.3180313 3.3180313 3.3180313 
47.96 3.3659885 3.3659885 3.3659885 
48.0 3.3661814 3.3661814 3.3661814 
48.039997 3.3264241 3.3264241 3.3264241 
48.079998 3.2471755 3.2471755 3.2471755 
48.12 3.132728 3.132728 3.132728 
48.16 2.9892628 2.9892628 2.9892628 
48.2 2.825594 2.825594 2.825594 
48.239998 2.653333 2.653333 2.653333 
48.28 2.4780023 2.4780023 2.4780023 
48.32 2.304243 2.304243 2.304243 
48.36 2.1464846 2.1464846 2.1464846 
48.399998 1.9771824 1.9771824 1.9771824 
48.44 1.8175893 1.8175893 1.8175893 
48.48 1.6690542 1.6690542 1.6690542 
48.52 1.5365189 1.5365189 1.5365189 
48.559998 1.4199837 1.4199837 1.4199837 
48.6 1.3194487 1.3194487 1.3194487 
48.64 1.2349135 1.2349135 1.2349135 
48.68 1.1663786 1.1663786 1.1663786 
48.719997 1.1138434 1.1138434 1.1138434 
48.76 1.0773084 1.0773084 1.0773084 
48.8 1.0567734 1.0567734 1.0567734 
48.84 1.0522383 1.0522383 1.0522383 
48.879997 1.0637031 1.0637031 1.0637031 
48.92 1.0911682 1.0911682 1.0911682 
48.96 1.1346328 1.1346328 1.1346328 
49.0 1.1940978 1.1940978 1.1940978 
49.039997 1.2695628 1.2695628 1.2695628 
49.079998 1.361028 1.361028 1.361028 
49.12 1.4684925 1.4684925 1.4684925 
49.16 1.5919572 1.5919572 1.5919572 
49.2 1.7314221 1.7314221 1.7314221 
49.239998 1.8868871 1.8868871 1.8868871 
49.28 2.0470703 2.0470703 2.0470703 
49.32 2.2232535 2.2232535 2.2232535 
49.36 2.4038143 2.4038143 2.4038143 
49.399998 2.5884058 2.5884058 2.5884058 
49.44 2.6917007 2.6917007 2.6917007 
49.48 2.748932 2.748932 2.748932 
49.52 2.7536771 2.7536771 2.7536771 
49.559998 2.7315445 2.7315445 2.7315445 
49.6 2.6751387 2.6751387 2.6751387 
49.64 2.596372 2.596372 2.596372 
49.68 2.4828377 2.4828377 2.4828377 
49.719997 2.3347304 2.3347304 2.3347304 
49.76 2.1559033 2.1559033 2.1559033 
49.8 1.9546397 1.9546397 1.9546397 
49.84 1.7442786 1.7442786 1.7442786 
49.879997 1.5352012 1.5352012 1.5352012 
49.92 1.3348954 1.3348954 1.3348954 
49.96 1.1505895 1.1505895 1.1505895 
50.0 0.9822835 0.9822835 0.9822835 
50.039997 0.82997733 0.82997733 0.82997733 
50.079998 0.6936713 0.6936713 0.6936713 
50.12 0.5733653 0.5733653 0.5733653 
50.16 0.46905938 0.46905938 0.46905938 
50.2 0.38075316 0.38075316 0.38075316 
50.239998 0.30844712 0.30844712 0.30844712 
50.28 0.25214118 0.25214118 0.25214118 
50.32 0.21183504 0.21183504 0.21183504 
50.36 0.18752897 0.18752897 0.18752897 
50.399998 0.179223 0.179223 0.179223 
50.44 0.18691704 0.18691704 0.18691704 
50.48 0.21061091 0.21061091 0.21061091 
50.52 0.25030467 0.25030467 0.25030467 
50.559998 0.30599856 0.30599856 0.30599856 
50.6 0.3776925 0.3776925 0.3776925 
50.64 0.46538642 0.46538642 0.46538642 
50.68 0.5690802 0.5690802 0.5690802 
50.719997 0.68877393 0.68877393 0.68877393 
50.76 0.82446784 0.82446784 0.82446784 
50.8 0.9761618 0.9761618 0.9761618 
50.84 1.1438557 1.1438557 1.1438557 
50.879997 1.3275498 1.3275498 1.3275498 
50.92 1.5272439 1.5272439 1.5272439 
50.96 1.7069032 1.7069032 1.7069032 
51.0 1.824159 1.824159 1.824159 
51.039997 1.9104123 1.9104123 1.9104123 
51.079998 1.9617354 1.9617354 1.9617354 
51.12 1.9994037 1.9994037 1.9994037 
51.16 1.9807495 1.9807495 1.9807495 
51.199997 1.9517937 1.9517937 1.9517937 
51.239998 1.8779652 1.8779652 1.8779652 
51.28 1.7710829 1.7710829 1.7710829 
51.32 1.6427691 1.6427691 1.6427691 
51.36 1.5106953 1.5106953 1.5106953 
51.399998 1.3892606 1.3892606 1.3892606 
51.44 1.2807691 1.2807691 1.2807691 
51.48 1.1882777 1.1882777 1.1882777 
51.52 1.1117862 1.1117862 1.1117862 
51.559998 1.0512949 1.0512949 1.0512949 
51.6 1.0068035 1.0068035 1.0068035 
51.64 0.9783123 0.9783123 0.9783123 
51.68 0.9658208 0.9658208 0.9658208 
51.719997 0.96932924 0.96932924 0.96932924 
51.76 0.9888379 0.9888379 0.9888379 
51.8 1.0243465 1.0243465 1.0243465 
51.84 1.0758551 1.0758551 1.0758551 
51.879997 1.1433636 1.1433636 1.1433636 
51.92 1.2268721 1.2268721 1.2268721 
51.96 1.3263807 1.3263807 1.3263807 
52.0 1.4418894 1.4418894 1.4418894 
52.039997 1.5733981 1.5733981 1.5733981 
52.079998 1.7209067 1.7209067 1.7209067 
52.12 1.8844154 1.8844154 1.8844154 
52.16 2.063924 2.063924 2.063924 
52.199997 2.2536032 2.2536032 2.2536032 
52.239998 2.3418472 2.3418472 2.3418472 
52.28 2.3962326 2.3962326 2.3962326 
52.32 2.4146478 2.4146478 2.4146478 
52.36 2.407662 2.407662 2.407662 
52.399998 2.371912 2.371912 2.371912 
52.44 2.321364 2.321364 2.321364 
52.48 2.235844 2.235844 2.235844 
52.52 2.1208584 2.1208584 2.1208584 
52.559998 1.9839323 1.9839323 1.9839323 
52.6 1.8370187 1.8370187 1.8370187 
52.64 1.6939791 1.6939791 1.6939791 
52.68 1.5613421 1.5613421 1.5613421 
52.719997 1.4392178 1.4392178 1.4392178 
52.76 1.3331093 1.3331093 1.3331093 
52.8 1.2430001 1.2430001 1.2430001 
52.84 1.1688917 1.1688917 1.1688917 
52.879997 1.1107827 1.1107827 1.1107827 
52.92 1.0686742 1.0686742 1.0686742 
52.96 1.0425653 1.0425653 1.0425653 
53.0 1.0324569 1.0324569 1.0324569 
53.039997 1.038348 1.038348 1.038348 
53.079998 1.0602394 1.0602394 1.0602394 
53.12 1.0981307 1.0981307 1.0981307 
53.16 1.152022 1.152022 1.152022 
53.199997 1.2219135 1.2219135 1.2219135 
53.239998 1.3078046 1.3078046 1.3078046 
53.28 1.4096957 1.4096957 1.4096957 
53.32 1.5275869 1.5275869 1.5275869 
53.36 1.661478 1.661478 1.661478 
53.399998 1.8113697 1.8113697 1.8113697 
53.44 1.9772611 1.9772611 1.9772611 
53.48 2.1531656 2.1531656 2.1531656 
53.52 2.2618117 2.2618117 2.2618117 
53.559998 2.3365474 2.3365474 2.3365474 
53.6 2.3792653 2.3792653 2.3792653 
53.64 2.385356 2.385356 2.385356 
53.68 2.378718 2.378718 2.378718 
53.719997 2.3406875 2.3406875 2.3406875 
53.76 2.2640169 2.2640169 2.2640169 
53.8 2.1485384 2.1485384 2.1485384 
53.84 1.9996473 1.9996473 1.9996473 
53.879997 1.8276204 1.8276204 1.8276204 
53.92 1.6502522 1.6502522 1.6502522 
53.96 1.4781544 1.4781544 1.4781544 
54.0 1.3165798 1.3165798 1.3165798 
54.039997 1.1697241 1.1697241 1.1697241 
54.079998 1.0388682 1.0388682 1.0388682 
54.12 0.92401254 0.92401254 0.92401254 
54.16 0.8251567 0.8251567 0.8251567 
54.199997 0.7423008 0.7423008 0.7423008 
54.239998 0.6754451 0.6754451 0.6754451 
54.28 0.6245893 0.6245893 0.6245893 
54.32 0.5897337 0.5897337 0.5897337 
54.36 0.57087797 0.57087797 0.57087797 
54.399998 0.5680222 0.5680222 0.5680222 
54.44 0.58116627 0.58116627 0.58116627 
54.48 0.61031055 0.61031055 0.61031055 
54.52 0.65545475 0.65545475 0.65545475 
54.559998 0.71659905 0.71659905 0.71659905 
54.6 0.79374313 0.79374313 0.79374313 
54.64 0.88688713 0.88688713 0.88688713 
54.68 0.9960314 0.9960314 0.9960314 
54.719997 1.1211756 1.1211756 1.1211756 
54.76 1.26232 1.26232 1.26232 
54.8 1.419464 1.419464 1.419464 
54.84 1.5926082 1.5926082 1.5926082 
54.879997 1.7817523 1.7817523 1.7817523 
54.92 1.9255595 1.9255595 1.9255595 
54.96 2.0226183 2.0226183 2.0226183 
55.0 2.0615606 2.0615606 2.0615606 
55.039997 2.0409923 2.0409923 2.0409923 
55.079998 1.9662844 1.9662844 1.9662844 
55.12 1.8479956 1.8479956 1.8479956 
55.16 1.7092057 1.7092057 1.7092057 
55.199997 1.5547554 1.5547554 1.5547554 
55.239998 1.3945912 1.3945912 1.3945912 
55.28 1.2405735 1.2405735 1.2405735 
55.32 1.1025555 1.1025555 1.1025555 
55.36 0.98053783 0.98053783 0.98053783 
55.399998 0.87451977 0.87451977 0.87451977 
55.44 0.784502 0.784502 0.784502 
55.48 0.7104843 0.7104843 0.7104843 
55.52 0.6524665 0.6524665 0.6524665 
55.559998 0.61044854 0.61044854 0.61044854 
55.6 0.5844306 0.5844306 0.5844306 
55.64 0.57441264 0.57441264 0.57441264 
55.68 0.58039474 0.58039474 0.58039474 
55.719997 0.60237694 0.60237694 0.60237694 
55.76 0.64035887 0.64035887 0.64035887 
55.8 0.694341 0.694341 0.694341 
55.84 0.76432323 0.76432323 0.76432323 
55.879997 0.8503053 0.8503053 0.8503053 
55.92 0.9522874 0.9522874 0.9522874 
55.96 1.0702691 1.0702691 1.0702691 
56.0 1.2042514 1.2042514 1.2042514 
56.039997 1.3542334 1.3542334 1.3542334 
56.079998 1.5202155 1.5202155 1.5202155 
56.12 1.7021974 1.7021974 1.7021974 
56.16 1.9001796 1.9001796 1.9001796 
56.199997 2.0587227 2.0587227 2.0587227 
56.239998 2.1902726 2.1902726 2.1902726 
56.28 2.3060951 2.3060951 2.3060951 
56.32 2.3646545 2.3646545 2.3646545 
56.36 2.413696 2.413696 2.413696 
56.399998 2.4399292 2.4399292 2.4399292 
56.44 2.4487689 2.4487689 2.4487689 
56.48 2.4119818 2.4119818 2.4119818 
56.52 2.3371572 2.3371572 2.3371572 
56.559998 2.2343965 2.2343965 2.2343965 
56.6 2.1142457 2.1142457 2.1142457 
56.64 1.9893101 1.9893101 1.9893101 
56.68 1.8787837 1.8787837 1.8787837 
56.719997 1.7889951 1.7889951 1.7889951 
56.76 1.7158817 1.7158817 1.7158817 
56.8 1.658768 1.658768 1.658768 
56.84 1.6176542 1.6176542 1.6176542 
56.879997 1.5925407 1.5925407 1.5925407 
56.92 1.5834272 1.5834272 1.5834272 
56.96 1.5903134 1.5903134 1.5903134 
57.0 1.6131997 1.6131997 1.6131997 
57.039997 1.652086 1.652086 1.652086 
57.079998 1.7069722 1.7069722 1.7069722 
57.12 1.7778589 1.7778589 1.7778589 
57.16 1.8647449 1.8647449 1.8647449 
57.199997 1.9676312 1.9676312 1.9676312 
57.239998 2.0865173 2.0865173 2.0865173 
57.28 2.2214038 2.2214038 2.2214038 
57.32 2.3722904 2.3722904 2.3722904 
57.36 2.5391762 2.5391762 2.5391762 
57.399998 2.7170825 2.7170825 2.7170825 
57.44 2.8257837 2.8257837 2.8257837 
57.48 2.89146 2.89146 2.89146 
57.52 2.9318218 2.9318218 2.9318218 
57.559998 2.9527655 2.9527655 2.9527655 
57.6 2.9339395 2.9339395 2.9339395 
57.64 2.8764203 2.8764203 2.8764203 
57.68 2.7840154 2.7840154 2.7840154 
57.719997 2.6646929 2.6646929 2.6646929 
57.76 2.5285292 2.5285292 2.5285292 
57.8 2.3904715 2.3904715 2.3904715 
57.84 2.258743 2.258743 2.258743 
57.879997 2.1355295 2.1355295 2.1355295 
57.92 2.019115 2.019115 2.019115 
57.96 1.9096427 1.9096427 1.9096427 
58.0 1.8161699 1.8161699 1.8161699 
58.039997 1.7386972 1.7386972 1.7386972 
58.079998 1.6772245 1.6772245 1.6772245 
58.12 1.6317519 1.6317519 1.6317519 
58.16 1.6022794 1.6022794 1.6022794 
58.199997 1.5888069 1.5888069 1.5888069 
58.239998 1.5913342 1.5913342 1.5913342 
58.28 1.6098613 1.6098613 1.6098613 
58.32 1.6443888 1.6443888 1.6443888 
58.359997 1.6949164 1.6949164 1.6949164 
58.399998 1.7614434 1.7614434 1.7614434 
58.44 1.8144649 1.8144649 1.8144649 
58.48 1.8858919 1.8858919 1.8858919 
58.52 1.9598398 1.9598398 1.9598398 
58.559998 2.0497885 2.0497885 2.0497885 
58.6 2.1557367 2.1557367 2.1557367 
58.64 2.2776847 2.2776847 2.2776847 
58.68 2.4156332 2.4156332 2.4156332 
58.719997 2.5695815 2.5695815 2.5695815 
58.76 2.7287297 2.7287297 2.7287297 
58.8 2.8100111 2.8100111 2.8100111 
58.84 2.8538678 2.8538678 2.8538678 
58.879997 2.865216 2.865216 2.865216 
58.92 2.8476343 2.8476343 2.8476343 
58.96 2.8202176 2.8202176 2.8202176 
59.0 2.751865 2.751865 2.751865 
59.039997 2.642063 2.642063 2.642063 
59.079998 2.4957488 2.4957488 2.4957488 
59.12 2.321436 2.321436 2.321436 
59.16 2.1333365 2.1333365 2.1333365 
59.199997 1.9402868 1.9402868 1.9402868 
59.239998 1.7485719 1.7485719 1.7485719 
59.28 1.5633323 1.5633323 1.5633323 
59.32 1.3837801 1.3837801 1.3837801 
59.359997 1.2202278 1.2202278 1.2202278 
59.399998 1.0720512 1.0720512 1.0720512 
59.44 0.9398745 0.9398745 0.9398745 
59.48 0.8236977 0.8236977 0.8236977 
59.52 0.72352105 0.72352105 0.72352105 
59.559998 0.63934445 0.63934445 0.63934445 
59.6 0.57116765 0.57116765 0.57116765 
59.64 0.51899093 0.51899093 0.51899093 
59.68 0.4828143 0.4828143 0.4828143 
59.719997 0.46263784 0.46263784 0.46263784 
59.76 0.45846134 0.45846134 0.45846134 
59.8 0.4702845 0.4702845 0.4702845 
59.84 0.4981078 0.4981078 0.4981078 
59.879997 0.5419313 0.5419313 0.5419313 
59.92 0.60175467 0.60175467 0.60175467 
59.96 0.67757803 0.67757803 0.67757803 
60.0 0.76940113 0.76940113 0.76940113 
60.039997 0.87722427 0.87722427 0.87722427 
60.079998 1.0010477 1.0010477 1.0010477 
60.12 1.1408712 1.1408712 1.1408712 
60.16 1.2966943 1.2966943 1.2966943 
60.199997 1.4685175 1.4685175 1.4685175 
60.239998 1.6563408 1.6563408 1.6563408 
60.28 1.860164 1.860164 1.860164 
60.32 2.0232613 2.0232613 2.0232613 
60.359997 2.1401834 2.1401834 2.1401834 
60.399998 2.1975322 2.1975322 2.1975322 
60.44 2.2030756 2.2030756 2.2030756 
60.48 2.1632748 2.1632748 2.1632748 
60.52 2.085828 2.085828 2.085828 
60.559998 1.9727932 1.9727932 1.9727932 
60.6 1.8271155 1.8271155 1.8271155 
60.64 1.6615863 1.6615863 1.6615863 
60.68 1.496067 1.496067 1.496067 
60.719997 1.3479942 1.3479942 1.3479942 
60.76 1.2159216 1.2159216 1.2159216 
60.8 1.0998489 1.0998489 1.0998489 
60.84 0.999776 0.999776 0.999776 
60.879997 0.91570336 0.91570336 0.91570336 
60.92 0.8476306 0.8476306 0.8476306 
60.96 0.7955579 0.7955579 0.7955579 
61.0 0.7594852 0.7594852 0.7594852 
61.039997 0.73941255 0.73941255 0.73941255 
61.079998 0.7353398 0.7353398 0.7353398 
61.12 0.74726707 0.74726707 0.74726707 
61.16 0.7751943 0.77519405 0.7751943 
61.199997 0.8191215 0.8191215 0.8191213 
61.239998 0.87904865 0.8790489 0.8790486 
61.28 0.9549758 0.9549758 0.95497596 
61.32 1.0469029 1.046903 1.0469033 
61.359997 1.1548301 1.1548303 1.1548302 
61.399998 1.2787573 1.2787578 1.2787575 
61.44 1.4186847 1.4186848 1.4186847 
61.48 1.5746119 1.5746119 1.5746119 
61.52 1.7465394 1.7465394 1.746539 
61.559998 1.9061259 1.8726218 1.9344666 
61.6 2.0132303 1.9641662 2.072004 
61.64 2.0742147 2.0064077 2.1635227 
61.68 2.0971704 2.009778 2.2238612 
61.719997 2.0844696 1.9798319 2.2671592 
61.76 2.0358787 1.911885 2.2874339 
61.8 1.9431896 1.802468 2.2702343 
61.84 1.8076112 1.6537974 2.2096317 
61.879997 1.6361626 1.4759916 2.107863 
61.92 1.4436519 1.290753 1.9723814 
61.96 1.2473092 1.1248478 1.8147047 
62.0 1.0687817 0.97494256 1.6510718 
62.039997 0.90661615 0.8410372 1.4940835 
62.079998 0.76045 0.7231319 1.35201 
62.12 0.63028437 0.6212267 1.2262901 
62.16 0.51611847 0.53532135 1.1165707 
62.199997 0.4179527 0.46541622 1.0228511 
62.239998 0.33578694 0.41151094 0.94513166 
62.28 0.26962107 0.3736058 0.883412 
62.32 0.2194554 0.35170045 0.83769214 
62.359997 0.1852896 0.34579533 0.80797267 
62.399998 0.1671239 0.35589013 0.794253 
62.44 0.1649581 0.38198477 0.79653335 
62.48 0.17879213 0.4240795 0.8148138 
62.52 0.20862629 0.48217416 0.8490942 
62.559998 0.25446028 0.556269 0.89937437 
62.6 0.31629446 0.6463637 0.9656551 
62.64 0.39412874 0.75245833 1.0479352 
62.68 0.48796272 0.8745531 1.1462156 
62.719997 0.597797 1.012648 1.2604958 
62.76 0.72363114 1.1667426 1.3907763 
62.8 0.86546516 1.3368374 1.5370564 
62.84 1.0232993 1.522932 1.6993372 
62.879997 1.1971334 1.725027 1.8776175 
62.92 1.3869677 1.8312802 2.0346358 
62.96 1.5928018 1.8829477 2.1262498 
63.0 1.7601005 1.8659296 2.1768262 
63.039997 1.8696566 1.7887995 2.2048197 
63.079998 1.9319154 1.6720757 2.1738203 
63.12 1.9314082 1.5828984 2.1274915 
63.16 1.8773526 1.492998 2.0693092 
63.199997 1.7762387 1.4199616 1.9957265 
63.239998 1.6455631 1.3625444 1.9057344 
63.28 1.5006756 1.3208036 1.8044802 
63.32 1.3470181 1.2947735 1.7029678 
63.359997 1.1943094 1.2845939 1.6160506 
63.399998 1.0576011 1.2904148 1.5467902 
63.44 0.9368925 1.3122357 1.4935298 
63.48 0.83218414 1.3474493 1.4562693 
63.52 0.7434757 1.3986633 1.4350086 
63.559998 0.67076725 1.4561884 1.4297482 
63.6 0.6140586 1.5297134 1.4404876 
63.64 0.5733501 1.6192389 1.4672271 
63.68 0.5486418 1.7106739 1.5099667 
63.719997 0.5399334 1.80618 1.5687062 
63.76 0.5472248 1.9176861 1.6434457 
63.8 0.57051617 2.045192 1.734185 
63.84 0.6098078 2.1695185 1.8409246 
63.879997 0.6650991 2.3091695 1.9636643 
63.92 0.7363907 2.4579265 2.1024039 
63.96 0.8236823 2.618826 2.2571433 
64.0 0.9269737 2.7946389 2.4278827 
64.04 1.0462651 2.9864511 2.6146224 
64.08 1.1815568 3.0830603 2.8173625 
64.119995 1.3328485 3.118167 3.013494 
64.159996 1.50014 3.1372404 3.1284542 
64.2 1.6834314 3.1351864 3.1898422 
64.24 1.8827227 3.1169837 3.2269545 
64.28 2.098014 3.07651 3.1870394 
64.32 2.2719808 3.002723 3.1166105 
64.36 2.3710427 2.8886044 3.0176897 
64.4 2.4285445 2.7343214 2.868315 
64.439995 2.443062 2.543848 2.6791034 
64.479996 2.4389598 2.3238015 2.4607081 
64.52 2.4014552 2.0840633 2.2306182 
64.56 2.3198903 1.8370526 2.0020056 
64.6 2.1913812 1.5925022 1.7899954 
64.64 2.0202818 1.3639519 1.5939854 
64.68 1.8175439 1.1514013 1.4139755 
64.72 1.6011167 0.9548504 1.2499651 
64.76 1.3864844 0.77429986 1.1019552 
64.799995 1.1819636 0.6097493 0.96994483 
64.84 0.98741126 0.46119878 0.8539348 
64.88 0.80885917 0.32864818 0.7539246 
64.92 0.6463068 0.21209764 0.6699146 
64.96 0.49975452 0.1115472 0.6019042 
65.0 0.36920214 0.026996646 0.5498939 
65.04 0.25465018 -0.041554015 0.51388377 
65.08 0.15609787 -0.09410471 0.49387354 
65.119995 0.0735456 -0.1306554 0.48986334 
65.159996 0.0069933236 -0.15120602 0.50185287 
65.2 -0.043559045 -0.15575667 0.52984273 
65.24 -0.078111276 -0.14430739 0.57383263 
65.28 -0.09666353 -0.11685788 0.6338224 
65.32 -0.09921591 -0.073408686 0.70981205 
65.36 -0.08576823 -0.01395915 0.80180186 
65.4 -0.056320347 0.061490055 0.9097915 
65.439995 -0.010872786 0.15293956 1.0337814 
65.479996 0.050574943 0.26038882 1.173771 
65.52 0.12802273 0.38383827 1.329761 
65.56 0.22147062 0.5232879 1.501751 
65.6 0.33091822 0.6787372 1.6897405 
65.64 0.456366 0.8501866 1.8362645 
65.68 0.5978136 1.0376359 1.9710273 
65.72 0.75526124 1.2410852 2.074286 
65.76 0.92870885 1.4605348 2.1227236 
65.799995 1.1181566 1.6762683 2.1233857 
65.84 1.3236043 1.8954511 2.0792391 
65.88 1.5450524 2.0812771 2.00583 
65.92 1.7263273 2.2454734 1.9167203 
65.96 1.8437902 2.3519292 1.8436104 
66.0 1.8908265 2.4335346 1.7702715 
66.04 1.879188 2.4924862 1.7061379 
66.08 1.8204296 2.5480096 1.6472938 
66.119995 1.7277656 2.5817542 1.5933369 
66.159996 1.6103277 2.6050062 1.5454538 
66.2 1.4781963 2.6267107 1.5058339 
66.24 1.340855 2.6606233 1.4778064 
66.28 1.2200698 2.7081568 1.4586143 
66.32 1.1152848 2.7707894 1.4487348 
66.36 1.0264995 2.8494222 1.4548552 
66.4 0.93301886 2.9440556 1.4643793 
66.439995 0.8486549 3.0076818 1.489903 
66.479996 0.7802911 3.0873077 1.5203911 
66.52 0.72792685 3.182933 1.5668789 
66.56 0.6915625 3.2945592 1.6293665 
66.6 0.6711985 3.4221852 1.6859729 
66.64 0.6668344 3.5658114 1.7586389 
66.68 0.6784703 3.6745524 1.847305 
66.72 0.7061062 3.777042 1.9519712 
66.76 0.7497421 3.8585193 2.0726376 
66.799995 0.80937773 3.91476 2.2093034 
66.84 0.8850135 3.9452922 2.3476403 
66.88 0.9766493 3.9593217 2.4353287 
66.92 1.0842853 3.9658854 2.456113 
66.96 1.207921 3.97049 2.4559438 
67.0 1.3475568 3.9585643 2.424861 
67.04 1.5031925 3.9537132 2.365049 
67.08 1.6638792 3.9508057 2.278237 
67.119995 1.7503625 3.9527514 2.1644213 
67.159996 1.7998799 3.9640024 2.0480251 
67.2 1.7971442 3.9912543 1.9238106 
67.24 1.7476993 4.034506 1.7954202 
67.28 1.6691809 4.093757 1.6675496 
67.32 1.5735359 4.1451573 1.5556691 
67.36 1.4584684 4.2125583 1.4593043 
67.4 1.3169568 4.250867 1.3789394 
67.439995 1.1520655 4.2906466 1.314575 
67.479996 0.97652245 4.3308105 1.2662103 
67.52 0.8003641 4.3737416 1.2338458 
67.56 0.63874125 4.4214497 1.2174811 
67.6 0.48871684 NaN 1.2171164 
67.64 0.35469234 NaN 1.2327515 
67.68 0.2366678 NaN 1.2643869 
67.72 0.1346433 NaN 1.3120222 
67.76 0.048618797 NaN 1.3756572 
67.799995 -0.021405546 NaN 1.4552925 
67.84 -0.07543006 NaN 1.5509281 
67.88 -0.1134547 NaN 1.6625633 
67.92 -0.13547917 NaN 1.7901986 
67.96 -0.1415036 NaN 1.9338341 
68.0 -0.13152802 NaN 2.0934694 
68.04 -0.10555234 NaN 2.2691045 
68.08 -0.063576594 NaN 2.46074 
68.119995 -0.005601093 NaN 2.668375 
68.159996 0.06837444 NaN 2.8920107 
68.2 0.15834986 NaN 3.0190895 
68.24 0.26432535 NaN 3.1387386 
68.28 0.38630086 NaN 3.1799858 
68.32 0.52427644 NaN 3.182846 
68.36 0.6782521 NaN 3.1281261 
68.4 0.8482277 NaN 3.0361404 
68.439995 1.0342032 NaN 2.9171433 
68.479996 1.2361785 NaN 2.7739627 
68.52 1.454154 NaN 2.6386404 
68.56 1.6881297 NaN 2.484597 
68.6 1.8656229 NaN 2.329531 
68.64 1.9807922 NaN 2.177172 
68.68 2.0144675 NaN 2.0374384 
68.72 1.9727117 NaN 1.8996973 
68.76 1.8702259 NaN 1.7659978 
68.799995 1.722496 NaN 1.6355878 
68.84 1.5467345 NaN 1.5075091 
68.88 1.3582419 NaN 1.3797895 
68.92 1.165366 NaN 1.2487382 
68.96 0.98849046 NaN 1.1197436 
69.0 0.8276148 NaN 0.99680877 
69.04 0.67391163 NaN 0.8883732 
69.08 0.53620845 NaN 0.79593796 
69.119995 0.40382785 NaN 0.7195028 
69.159996 0.28744704 NaN 0.646068 
69.2 0.18706615 NaN 0.57782274 
69.24 0.10268537 NaN 0.51241916 
69.28 0.034304403 NaN 0.4531043 
69.32 -0.018076494 NaN 0.40978906 
69.36 -0.054457456 NaN 0.36430898 
69.4 -0.07483826 NaN 0.3272958 
69.439995 -0.07921925 NaN 0.29860467 
69.479996 -0.0676002 NaN 0.28411677 
69.52 -0.039981045 NaN 0.28562889 
69.56 0.0036378992 NaN 0.303141 
69.6 0.06325693 NaN 0.3366531 
69.64 0.1388762 NaN 0.38616532 
69.68 0.23049533 NaN 0.45167747 
69.72 0.33811417 NaN 0.53318936 
69.76 0.46173343 NaN 0.6307016 
69.799995 0.6013524 NaN 0.74421376 
69.84 0.7569714 NaN 0.87372595 
69.88 0.9285904 NaN 1.0192381 
69.92 1.1162096 NaN 1.1807505 
69.96 1.270798 NaN 1.3381605 
70.0 1.399037 NaN 1.4061877 
70.04 1.5145997 NaN 1.428338 
70.08 1.5359309 NaN 1.3774991 
70.119995 1.5421816 NaN 1.2673986 
70.159996 1.5183381 NaN 1.107513 
70.2 1.4878687 NaN 0.91216445 
70.24 1.4239739 NaN 0.68683857 
70.28 1.3282914 NaN 0.4346739 
70.32 1.2040528 NaN 0.15771785 
70.36 1.0578033 NaN -0.103029884 
70.4 0.90167636 NaN -0.3477782 
70.439995 0.74923855 NaN -0.57819825 
70.479996 0.6137514 NaN -0.79363686 
70.52 0.48933205 NaN -0.99553615 
70.56 0.38091287 NaN -1.1898694 
70.6 0.28849354 NaN -1.377837 
70.64 0.2120743 NaN -1.5498043 
70.68 0.15165511 NaN -1.705772 
70.72 0.107235774 NaN -1.84574 
70.76 0.07881609 NaN -1.9697074 
70.799995 0.066396974 NaN -2.077675 
70.84 0.06997741 NaN -2.1696427 
70.88 0.08955815 NaN -2.2456102 
70.92 0.12513891 NaN -2.305578 
70.96 0.17671953 NaN -2.3495457 
71.0 0.24430019 NaN -2.3775132 
71.04 0.32788092 NaN -2.389481 
71.08 0.42746177 NaN -2.3854487 
71.119995 0.5430424 NaN -2.3654163 
71.159996 0.67462295 NaN -2.3293839 
71.2 0.8222038 NaN -2.2773516 
71.24 0.98578477 NaN -2.2093194 
71.28 1.1653653 NaN -2.125287 
71.32 1.3609458 NaN -2.025255 
71.36 1.5725265 NaN -1.9092227 
71.4 1.7250749 NaN -1.77719 
71.439995 1.8377681 NaN -1.6291575 
71.479996 1.8873211 NaN -1.4651253 
71.52 1.8772904 NaN -1.2850928 
71.56 1.818227 NaN -1.0890607 
71.6 1.725337 NaN -0.87702835 
71.64 1.6066949 NaN -0.6489961 
71.68 1.4682083 NaN -0.4049639 
71.72 1.3203713 NaN -0.1449317 
71.76 1.1744679 NaN 0.1311007 
71.799995 1.044565 NaN 0.4231329 
71.84 0.93066204 NaN 0.73116523 
71.88 0.8327587 NaN 1.0551977 
71.92 0.7508557 NaN 1.3952298 
71.96 0.66781574 NaN 1.7512621 
72.0 0.60077554 NaN 2.1232944 
72.04 0.5497352 NaN 2.5113268 
72.08 0.5146951 NaN 2.9153588 
72.119995 0.49565503 NaN 3.3353908 
72.159996 0.4926147 NaN 3.7714236 
72.2 0.5055745 NaN NaN 
72.24 0.5345346 NaN NaN 
72.28 0.5794943 NaN NaN 
72.32 0.64045423 NaN NaN 
72.36 0.71741384 NaN NaN 
72.4 0.81037384 NaN NaN 
72.439995 0.9193337 NaN NaN 
72.479996 1.0442933 NaN NaN 
72.52 1.1852529 NaN NaN 
72.56 1.3422126 NaN NaN 
72.6 1.5151726 NaN NaN 
72.64 1.7041323 NaN NaN 
72.68 1.8834107 NaN NaN 
72.72 1.9757099 NaN NaN 
72.76 2.0710657 NaN NaN 
72.799995 2.0661674 NaN NaN 
72.84 2.0848715 NaN NaN 
72.88 2.051556 NaN NaN 
72.92 2.0020504 NaN NaN 
72.96 1.9314092 NaN NaN 
73.0 1.8436961 NaN NaN 
73.04 1.7182434 NaN NaN 
73.08 1.5663195 NaN NaN 
73.119995 1.3973904 NaN NaN 
73.159996 1.22518 NaN NaN 
73.2 1.0604303 NaN NaN 
73.24 0.91283524 NaN NaN 
73.28 0.78124017 NaN NaN 
73.32 0.6656448 NaN NaN 
73.36 0.5660496 NaN NaN 
73.4 0.4824547 NaN NaN 
73.439995 0.4148595 NaN NaN 
73.479996 0.36326438 NaN NaN 
73.52 0.32766917 NaN NaN 
73.56 0.3080741 NaN NaN 
73.6 0.3044789 NaN NaN 
73.64 0.31688374 NaN NaN 
73.68 0.3452886 NaN NaN 
73.72 0.38969356 NaN NaN 
73.76 0.45009834 NaN NaN 
73.799995 0.52650315 NaN NaN 
73.84 0.61890787 NaN NaN 
73.88 0.72731286 NaN NaN 
73.92 0.85171765 NaN NaN 
73.96 0.9921225 NaN NaN 
74.0 1.1485273 NaN NaN 
74.04 1.3209325 NaN NaN 
74.08 1.4587394 NaN NaN 
74.119995 1.6071304 NaN NaN 
74.159996 1.7169828 NaN NaN 
74.2 1.7991115 NaN NaN 
74.24 1.8446921 NaN NaN 
74.28 1.8547089 NaN NaN 
74.32 1.8399466 NaN NaN 
74.36 1.8167117 NaN NaN 
74.4 1.7892109 NaN NaN 
74.439995 1.7671254 NaN NaN 
74.479996 1.7597275 NaN NaN 
74.52 1.7703091 NaN NaN 
74.56 1.795918 NaN NaN 
74.6 1.8311625 NaN NaN 
74.64 1.8824066 NaN NaN 
74.68 1.9496508 NaN NaN 
74.72 2.024075 NaN NaN 
74.76 2.1144993 NaN NaN 
74.799995 2.1979692 NaN NaN 
74.84 2.2982976 NaN NaN 
74.88 2.4146261 NaN NaN 
74.92 2.5469549 NaN NaN 
74.96 2.6952834 NaN NaN 
75.0 2.8596115 NaN NaN 
75.04 3.0399404 NaN NaN 
75.08 3.2220945 NaN NaN 
75.119995 3.407155 NaN NaN 
75.159996 3.4828093 NaN NaN 
75.2 3.526098 NaN NaN 
75.24 3.5430505 NaN NaN 
75.28 3.537704 NaN NaN 
75.32 3.481418 NaN NaN 
75.36 3.383706 NaN NaN 
75.4 3.2551131 NaN NaN 
75.439995 3.1032732 NaN NaN 
75.479996 2.9378295 NaN NaN 
75.52 2.766716 NaN NaN 
75.56 2.5935593 NaN NaN 
75.6 2.4273198 NaN NaN 
75.64 2.2682397 NaN NaN 
75.68 2.1185288 NaN NaN 
75.72 1.9848182 NaN NaN 
75.759995 1.8666679 NaN NaN 
75.799995 1.7645173 NaN NaN 
75.84 1.6783668 NaN NaN 
75.88 1.6082162 NaN NaN 
75.92 1.5540657 NaN NaN 
75.96 1.5159152 NaN NaN 
76.0 1.4937644 NaN NaN 
76.04 1.4876142 NaN NaN 
76.08 1.4974636 NaN NaN 
76.119995 1.5233128 NaN NaN 
76.159996 1.5651624 NaN NaN 
76.2 1.6230118 NaN NaN 
76.24 1.6968616 NaN NaN 
76.28 1.7867113 NaN NaN 
76.32 1.8925608 NaN NaN 
76.36 2.0144103 NaN NaN 
76.4 2.1522593 NaN NaN 
76.439995 2.3061092 NaN NaN 
76.479996 2.4694464 NaN NaN 
76.52 2.5899482 NaN NaN 
76.56 2.678364 NaN NaN 
76.6 2.7019436 NaN NaN 
76.64 2.6871495 NaN NaN 
76.68 2.6339588 NaN NaN 
76.72 2.5466962 NaN NaN 
76.759995 2.4371068 NaN NaN 
76.799995 2.2935412 NaN NaN 
76.84 2.1298335 NaN NaN 
76.88 1.9611564 NaN NaN 
76.92 1.7985531 NaN NaN 
76.96 1.6519499 NaN NaN 
77.0 1.5213468 NaN NaN 
77.04 1.4067433 NaN NaN 
77.08 1.3081397 NaN NaN 
77.119995 1.2255365 NaN NaN 
77.159996 1.1589329 NaN NaN 
77.2 1.1083299 NaN NaN 
77.24 1.0737265 NaN NaN 
77.28 1.0551231 NaN NaN 
77.32 1.0525198 NaN NaN 
77.36 1.0659164 NaN NaN 
77.4 1.0953135 NaN NaN 
77.439995 1.1407099 NaN NaN 
77.479996 1.2021065 NaN NaN 
77.52 1.2795032 NaN NaN 
77.56 1.3729 NaN NaN 
77.6 1.4822965 NaN NaN 
77.64 1.6076932 NaN NaN 
77.68 1.74909 NaN NaN 
77.72 1.9064865 NaN NaN 
77.759995 2.0798833 NaN NaN 
77.799995 2.2599447 NaN NaN 
77.84 2.3691788 NaN NaN 
77.88 2.4377568 NaN NaN 
77.92 2.4776368 NaN NaN 
77.96 2.4873977 NaN NaN 
78.0 2.4860601 NaN NaN 
78.04 2.463644 NaN NaN 
78.08 2.4116158 NaN NaN 
78.119995 2.3321638 NaN NaN 
78.159996 2.2276704 NaN NaN 
78.2 2.103818 NaN NaN 
78.24 1.9690955 NaN NaN 
78.28 1.8293538 NaN NaN 
78.32 1.6899548 NaN NaN 
78.36 1.5621841 NaN NaN 
78.4 1.4473661 NaN NaN 
78.439995 1.3485482 NaN NaN 
78.479996 1.2657301 NaN NaN 
78.52 1.1989121 NaN NaN 
78.56 1.1480939 NaN NaN 
78.6 1.1132759 NaN NaN 
78.64 1.0944579 NaN NaN 
78.68 1.0916398 NaN NaN 
78.72 1.1048218 NaN NaN 
78.759995 1.1340036 NaN NaN 
78.799995 1.1791855 NaN NaN 
78.84 1.2403675 NaN NaN 
78.88 1.3175492 NaN NaN 
78.92 1.410731 NaN NaN 
78.96 1.5199131 NaN NaN 
79.0 1.6450949 NaN NaN 
79.04 1.7862766 NaN NaN 
79.08 1.9434586 NaN NaN 
79.119995 2.1166406 NaN NaN 
79.159996 2.3058226 NaN NaN 
79.2 2.5110047 NaN NaN 
79.24 2.718154 NaN NaN 
79.28 2.8694935 NaN NaN 
79.32 3.0014906 NaN NaN 
79.36 3.0708835 NaN NaN 
79.4 3.1043406 NaN NaN 
79.439995 3.0795248 NaN NaN 
79.479996 3.0230854 NaN NaN 
79.52 2.9419796 NaN NaN 
79.56 2.8219852 NaN NaN 
79.6 2.669368 NaN NaN 
79.64 2.491286 NaN NaN 
79.68 2.2881677 NaN NaN 
79.72 2.0689845 NaN NaN 
79.759995 1.8344941 NaN NaN 
79.799995 1.5986153 NaN NaN 
79.84 1.3692278 NaN NaN 
79.88 1.1558398 NaN NaN 
79.92 0.9584518 NaN NaN 
79.96 0.77706385 NaN NaN 
80.0 0.611676 NaN NaN 
80.04 0.46228793 NaN NaN 
80.08 0.3289001 NaN NaN 
80.119995 0.21151212 NaN NaN 
80.159996 0.11012425 NaN NaN 
80.2 0.02473629 NaN NaN 
80.24 -0.044651285 NaN NaN 
80.28 -0.098039255 NaN NaN 
80.32 -0.13542698 NaN NaN 
80.36 -0.15681483 NaN NaN 
80.4 -0.16220264 NaN NaN 
80.439995 -0.1515905 NaN NaN 
80.479996 -0.12497827 NaN NaN 
80.52 -0.08236615 NaN NaN 
80.56 -0.02375402 NaN NaN 
80.6 0.05085818 NaN NaN 
80.64 0.14147057 NaN NaN 
80.68 0.24808237 NaN NaN 
80.72 0.37069428 NaN NaN 
80.759995 0.5093066 NaN NaN 
80.799995 0.6639187 NaN NaN 
80.84 0.8345308 NaN NaN 
80.88 1.0211432 NaN NaN 
80.92 1.2198994 NaN NaN 
80.96 1.3789833 NaN NaN 
81.0 1.5421557 NaN NaN 
81.04 1.7170417 NaN NaN 
81.08 1.9079278 NaN NaN 
81.119995 2.1148138 NaN NaN 
